/*--------------------------------*- C++ -*----------------------------------*\
| =========                 |                                                 |
| \\      /  F ield         | OpenFOAM: The Open Source CFD Toolbox           |
|  \\    /   O peration     | Version:  dev                                   |
|   \\  /    A nd           | Web:      www.OpenFOAM.org                      |
|    \\/     M anipulation  |                                                 |
\*---------------------------------------------------------------------------*/
FoamFile
{
    version     2.0;
    format      ascii;
    class       volScalarField;
    location    "100";
    object      C7H16;
}
// * * * * * * * * * * * * * * * * * * * * * * * * * * * * * * * * * * * * * //

dimensions      [0 0 0 0 0 0 0];

internalField   nonuniform List<scalar> 
4000
(
1.07837e-117
1.15028e-118
5.40526e-120
1.51705e-121
2.94631e-123
4.03693e-125
4.08932e-127
3.16827e-129
1.95333e-131
9.65942e-134
3.92222e-136
1.30832e-138
3.63494e-141
8.38397e-144
1.60598e-146
2.60565e-149
3.58915e-152
4.19457e-155
4.40686e-158
4.31839e-161
4.51023e-115
4.6706e-116
2.13967e-117
5.90008e-119
1.12138e-120
1.50611e-122
1.49636e-124
1.13729e-126
6.9082e-129
3.38497e-131
1.35155e-133
4.44748e-136
1.21141e-138
2.74623e-141
5.20658e-144
8.2845e-147
1.11556e-149
1.29256e-152
1.30773e-155
1.27385e-158
1.9028e-112
1.91438e-113
8.53317e-115
2.30697e-116
4.26823e-118
5.61479e-120
5.4659e-122
4.10047e-124
2.44991e-126
1.18691e-128
4.68424e-131
1.5212e-133
4.08846e-136
9.14801e-139
1.71122e-141
2.68583e-144
3.5698e-147
4.02311e-150
3.93802e-153
3.7025e-156
8.15617e-110
7.96288e-111
3.45382e-112
9.08411e-114
1.63222e-115
2.09965e-117
2.00135e-119
1.48066e-121
8.7418e-124
4.18522e-126
1.62752e-128
5.21188e-131
1.38156e-133
3.04992e-136
5.61747e-139
8.71434e-142
1.14192e-144
1.27004e-147
1.20717e-150
1.07893e-153
3.55517e-107
3.36004e-108
1.4147e-109
3.61419e-111
6.29472e-113
7.88864e-115
7.39921e-117
5.38868e-119
3.13471e-121
1.47831e-123
5.66437e-126
1.78757e-128
4.66992e-131
1.01467e-133
1.84072e-136
2.82044e-139
3.647e-142
4.00858e-145
3.75779e-148
3.15826e-151
1.581e-104
1.44429e-105
5.8854e-107
1.45453e-108
2.45559e-110
2.99401e-112
2.75537e-114
1.97893e-116
1.1315e-118
5.238e-121
1.97561e-123
6.12587e-126
1.57567e-128
3.37182e-131
6.03105e-134
9.11079e-137
1.1632e-139
1.26346e-142
1.16908e-145
9.33828e-149
7.18293e-102
6.3236e-103
2.49063e-104
5.94668e-106
9.71018e-108
1.15331e-109
1.03892e-111
7.31598e-114
4.1053e-116
1.86523e-118
6.90569e-121
2.09994e-123
5.3152e-126
1.11871e-128
1.97295e-131
2.93617e-134
3.69979e-137
3.96664e-140
3.62688e-143
2.83442e-146
3.34294e-99
2.83148e-100
1.07337e-101
2.47549e-103
3.90291e-105
4.50085e-107
3.96489e-109
2.73099e-111
1.49511e-113
6.6559e-116
2.41538e-118
7.21578e-121
1.7938e-123
3.70916e-126
6.44722e-129
9.45386e-132
1.17458e-134
1.24096e-137
1.12152e-140
8.65081e-144
1.59564e-96
1.29765e-97
4.73351e-99
1.05035e-100
1.60057e-102
1.79138e-104
1.53368e-106
1.02848e-108
5.48813e-111
2.38631e-113
8.47027e-116
2.48476e-118
6.05322e-121
1.23085e-123
2.10474e-126
3.0369e-129
3.71806e-132
3.87316e-135
3.45164e-138
2.62558e-141
7.81903e-94
6.09601e-95
2.13554e-96
4.55042e-98
6.69357e-100
7.22418e-102
5.99343e-104
3.90284e-106
2.02971e-108
8.60208e-111
2.98642e-113
8.55872e-116
2.04387e-118
4.08401e-121
6.85897e-124
9.73434e-127
1.17341e-129
1.20437e-132
1.05751e-135
7.93447e-139
3.93363e-91
2.93801e-92
9.85428e-94
2.01832e-95
2.84874e-97
2.96134e-99
2.37499e-101
1.49757e-103
7.55802e-106
3.12048e-108
1.05799e-110
2.95835e-113
6.90884e-116
1.35565e-118
2.23181e-121
3.1131e-124
3.6918e-127
3.73043e-130
3.22273e-133
2.38643e-136
2.03151e-88
1.453e-89
4.65936e-91
9.14903e-93
1.23794e-94
1.23953e-96
9.58356e-99
5.82169e-101
2.85114e-103
1.14113e-105
3.76437e-108
1.02584e-110
2.34137e-113
4.49274e-116
7.25455e-119
9.93557e-122
1.15798e-124
1.14887e-127
9.77707e-131
7.13703e-134
1.07599e-85
7.36393e-87
2.26028e-88
4.24831e-90
5.513e-92
5.29715e-94
3.92766e-96
2.29596e-98
1.08711e-100
4.20863e-103
1.348e-105
3.57421e-108
7.95974e-111
1.48965e-113
2.35735e-116
3.16546e-119
3.61479e-122
3.52636e-125
2.95401e-128
2.12225e-131
5.83636e-83
3.82722e-84
1.1241e-85
2.02473e-87
2.51279e-89
2.3113e-91
1.64115e-93
9.20635e-96
4.20689e-98
1.57368e-100
4.87178e-103
1.25419e-105
2.71696e-108
4.95809e-111
7.66477e-114
1.0071e-116
1.12627e-119
1.07841e-122
8.87361e-126
6.26597e-129
3.23761e-80
2.03318e-81
5.72483e-83
9.86123e-85
1.17189e-86
1.02886e-88
7.0002e-91
3.76885e-93
1.65457e-95
5.96264e-98
1.77814e-100
4.43507e-103
9.31812e-106
1.65471e-108
2.49392e-111
3.19362e-114
3.49856e-117
3.28529e-120
2.65153e-123
1.83883e-126
1.83249e-77
1.10316e-78
2.97526e-80
4.90881e-82
5.57714e-84
4.69164e-86
3.0486e-88
1.57489e-90
6.61409e-93
2.28733e-95
6.56265e-98
1.58325e-100
3.21645e-103
5.54527e-106
8.10911e-109
1.01333e-111
1.085e-114
9.95649e-118
7.881e-121
5.37217e-124
1.05721e-74
6.10891e-76
1.57741e-77
2.4937e-79
2.71269e-81
2.17932e-83
1.35429e-85
6.69982e-88
2.69104e-90
8.91601e-93
2.46003e-95
5.71149e-98
1.11967e-100
1.86369e-103
2.64678e-106
3.21839e-109
3.35375e-112
3.00838e-115
2.33151e-118
1.56044e-121
6.20402e-72
3.43995e-73
8.52979e-75
1.29073e-76
1.34506e-78
1.03468e-80
6.14993e-83
2.90322e-85
1.11456e-87
3.53267e-90
9.36063e-93
2.08497e-95
3.93393e-98
6.31288e-101
8.67618e-104
1.02135e-106
1.03537e-109
9.05423e-113
6.85623e-116
4.49929e-119
3.70025e-69
1.97125e-70
4.68964e-72
6.8041e-74
6.79549e-76
5.00014e-78
2.84303e-80
1.28292e-82
4.7107e-85
1.42709e-87
3.61544e-90
7.71744e-93
1.39297e-95
2.15385e-98
2.85837e-101
3.25336e-104
3.20021e-107
2.72331e-110
2.01045e-113
1.29001e-116
2.24113e-66
1.1469e-67
2.61706e-69
3.6423e-71
3.4863e-73
2.45541e-75
1.33572e-77
5.76496e-80
2.0252e-82
5.85884e-85
1.4172e-87
2.88776e-90
4.99508e-93
7.41485e-96
9.43758e-99
1.03745e-101
9.88131e-105
8.16179e-108
5.87855e-111
3.68023e-114
1.37825e-63
6.75955e-65
1.4775e-66
1.97128e-68
1.80793e-70
1.21827e-72
6.34246e-75
2.6275e-77
8.83064e-80
2.43816e-82
5.62091e-85
1.09434e-87
1.81289e-90
2.57234e-93
3.1399e-96
3.32224e-99
3.05583e-102
2.44829e-105
1.71048e-108
1.04418e-111
8.60018e-61
4.0371e-62
8.44653e-64
1.07926e-65
9.48631e-68
6.12532e-70
3.04697e-72
1.20907e-74
3.88898e-77
1.02707e-79
2.26209e-82
4.20433e-85
6.63959e-88
9.01324e-91
1.05448e-93
1.07214e-96
9.50178e-100
7.35682e-103
4.98008e-106
2.95066e-109
5.4419e-58
2.44245e-59
4.8852e-61
5.97199e-63
5.02636e-65
3.10324e-67
1.48129e-69
5.61719e-72
1.72991e-74
4.35808e-77
9.18239e-80
1.62998e-82
2.46199e-85
3.18844e-88
3.57077e-91
3.48273e-94
2.96708e-97
2.21466e-100
1.44859e-103
8.30017e-107
3.49396e-55
1.49931e-56
2.86409e-58
3.33607e-60
2.68332e-62
1.58879e-64
7.25618e-67
2.6357e-69
7.7422e-72
1.87095e-74
3.75922e-77
6.37014e-80
9.1818e-83
1.13596e-85
1.21863e-88
1.13891e-91
9.3086e-95
6.68407e-98
4.21215e-101
2.32473e-104
2.27679e-52
9.32461e-54
1.6974e-55
1.8803e-57
1.44357e-59
8.15798e-62
3.57371e-64
1.24311e-66
3.48916e-69
8.05063e-72
1.54471e-74
2.4963e-77
3.44208e-80
4.08138e-83
4.18968e-86
3.74697e-89
2.93311e-92
2.01852e-95
1.22255e-98
6.47285e-102
1.50735e-49
5.87619e-51
1.01708e-52
1.07194e-54
7.81494e-57
4.22355e-59
1.76916e-61
5.84954e-64
1.56793e-66
3.46612e-69
6.36449e-72
9.84844e-75
1.29973e-77
1.47411e-80
1.44685e-83
1.2376e-86
9.27033e-90
6.10109e-93
3.53579e-96
1.79894e-99
1.01365e-46
3.75283e-48
6.15979e-50
6.16042e-52
4.26852e-54
2.19633e-56
8.74489e-59
2.75954e-61
7.06478e-64
1.49147e-66
2.61824e-69
3.88223e-72
4.90603e-75
5.3248e-78
5.00009e-81
4.09262e-84
2.93304e-87
1.84187e-90
1.01866e-93
4.98489e-97
6.92647e-44
2.42947e-45
3.77018e-47
3.56733e-49
2.34281e-51
1.14511e-53
4.31865e-56
1.30053e-58
3.16194e-61
6.40306e-64
1.07442e-66
1.52453e-69
1.84438e-72
1.91622e-75
1.72377e-78
1.35107e-81
9.23486e-85
5.54672e-88
2.92958e-91
1.36876e-94
4.81124e-41
1.59457e-42
2.33174e-44
2.08036e-46
1.29098e-48
5.97815e-51
2.13658e-53
6.0781e-56
1.41226e-58
2.72963e-61
4.37478e-64
5.93883e-67
6.87727e-70
6.84312e-73
5.89614e-76
4.42014e-79
2.89184e-82
1.65463e-85
8.34302e-89
3.71905e-92
3.39832e-38
1.06124e-39
1.45684e-41
1.22098e-43
7.13462e-46
3.10385e-48
1.05097e-50
2.83456e-53
6.2649e-56
1.14872e-58
1.76105e-61
2.28621e-64
2.53263e-67
2.40967e-70
1.98634e-73
1.42278e-76
8.89362e-80
4.86801e-83
2.34698e-86
9.9649e-90
2.44141e-35
7.16207e-37
9.19126e-39
7.20553e-41
3.94942e-43
1.61445e-45
5.14317e-48
1.31125e-50
2.74566e-53
4.78624e-56
6.99098e-59
8.66174e-62
9.16746e-65
8.34003e-68
6.59759e-71
4.50261e-74
2.69209e-77
1.40911e-80
6.48365e-84
2.64068e-87
1.78421e-32
4.90096e-34
5.85176e-36
4.27059e-38
2.18616e-40
8.35928e-43
2.49347e-45
5.99506e-48
1.18456e-50
1.95902e-53
2.72309e-56
3.21372e-59
3.24464e-62
2.81938e-65
2.12671e-68
1.38975e-71
7.95121e-75
3.98424e-78
1.75189e-81
6.81611e-85
1.3264e-29
3.39951e-31
3.75589e-33
2.53771e-35
1.19935e-37
4.28554e-40
1.19621e-42
2.70051e-45
5.02742e-48
7.84975e-51
1.03654e-53
1.1615e-56
1.11637e-59
9.25191e-63
6.65956e-66
4.16601e-69
2.27766e-72
1.09143e-75
4.59671e-79
1.70747e-82
1.00286e-26
2.38974e-28
2.42671e-30
1.50838e-32
6.57501e-35
2.17524e-37
5.65031e-40
1.19255e-42
2.08393e-45
3.05947e-48
3.81825e-51
4.05982e-54
3.70823e-57
2.92628e-60
2.01078e-63
1.2019e-66
6.29392e-70
2.88845e-73
1.16029e-76
4.10098e-80
7.70891e-24
1.70082e-25
1.57499e-27
8.93893e-30
3.568e-32
1.08571e-34
2.61196e-37
5.13123e-40
8.3819e-43
1.15356e-45
1.35561e-48
1.36495e-51
1.18028e-54
8.84765e-58
5.78231e-61
3.31128e-64
1.65285e-67
7.23232e-71
2.78151e-74
9.41309e-78
6.00468e-21
1.217e-22
1.02373e-24
5.21236e-27
1.90498e-29
5.28986e-32
1.17318e-34
2.13434e-37
3.24365e-40
4.17129e-43
4.59068e-46
4.34894e-49
3.55651e-52
2.52968e-55
1.57747e-58
8.56217e-62
4.06756e-65
1.70244e-68
6.24683e-72
2.02462e-75
4.76385e-18
8.84738e-20
6.5871e-22
3.01416e-24
9.92422e-27
2.50182e-29
5.07271e-32
8.49021e-35
1.19372e-37
1.42742e-40
1.46467e-43
1.30044e-46
1.00393e-49
6.76307e-53
3.98924e-56
2.05855e-59
9.31955e-63
3.70259e-66
1.29502e-69
3.99391e-73
3.83665e-15
6.48676e-17
4.23124e-19
1.70509e-21
4.98538e-24
1.13042e-26
2.07866e-29
3.17825e-32
4.10894e-35
4.54429e-38
4.33508e-41
3.58887e-44
2.59878e-47
1.65171e-50
9.17335e-54
4.47922e-57
1.92492e-60
7.26599e-64
2.42564e-67
7.17971e-71
3.134e-12
4.78835e-14
2.66934e-16
9.28084e-19
2.36675e-21
4.78349e-24
7.8977e-27
1.09398e-29
1.29145e-32
1.31319e-35
1.15872e-38
8.91986e-42
6.01413e-45
3.58467e-48
1.87729e-51
8.61639e-55
3.51245e-58
1.26429e-61
4.02229e-65
1.13431e-68
2.57107e-09
3.53386e-11
1.62553e-13
4.7394e-16
1.03662e-18
1.82257e-21
2.68666e-24
3.33842e-27
3.57101e-30
3.3175e-33
2.69311e-36
1.91885e-39
1.20379e-42
6.67664e-46
3.26629e-49
1.41534e-52
5.45417e-56
1.85849e-59
5.62e-63
1.51217e-66
1.92024e-06
2.49513e-08
9.19913e-11
2.16529e-13
3.95201e-16
5.96001e-19
7.67946e-22
8.48472e-25
8.16438e-28
6.88778e-31
5.11758e-34
3.35972e-37
1.95338e-40
1.0101e-43
4.6255e-47
1.8833e-50
6.84052e-54
2.20999e-57
6.33615e-61
1.61337e-64
0.000784204
1.24592e-05
4.17748e-08
7.85804e-11
1.1658e-13
1.47932e-16
1.63693e-19
1.60211e-22
1.37677e-25
1.04875e-28
7.09853e-32
4.27708e-35
2.29687e-38
1.10025e-41
4.70569e-45
1.80046e-48
6.1396e-52
1.87133e-55
5.09058e-59
1.23892e-62
0.0925128
0.0015694
8.00129e-06
1.4946e-08
1.88838e-11
2.03366e-14
1.94942e-17
1.67139e-20
1.2904e-23
8.87455e-27
5.47127e-30
3.02519e-33
1.50046e-36
6.67635e-40
2.67985e-43
9.63957e-47
3.10417e-50
8.93758e-54
2.30508e-57
5.32503e-61
0.139785
0.00427774
3.91786e-05
9.58955e-08
1.27241e-10
1.38755e-13
1.33774e-16
1.15183e-19
8.89774e-23
6.11917e-26
3.7716e-29
2.08443e-32
1.0332e-35
4.60287e-39
1.84471e-42
6.62702e-46
2.13054e-49
6.1373e-53
1.57847e-56
3.62367e-60
0.171516
0.0165793
0.000199823
5.98718e-07
8.4917e-10
9.27103e-13
8.88605e-16
7.60196e-19
5.82244e-22
4.01388e-25
2.4642e-28
1.35569e-31
6.6863e-35
2.9559e-38
1.17609e-41
4.19201e-45
1.33616e-48
3.82816e-52
9.81307e-56
2.25162e-59
0.195443
0.0274852
0.00044168
1.71921e-06
2.64653e-09
2.93024e-12
2.81187e-15
2.42036e-18
1.84953e-21
1.27268e-24
7.79984e-28
4.28482e-31
2.11026e-34
9.31231e-38
3.69831e-41
1.31664e-44
4.20055e-48
1.19923e-51
3.05734e-55
6.99762e-59
0.211211
0.0360721
0.000687978
3.40011e-06
5.83544e-09
6.59486e-12
6.34301e-15
5.41847e-18
4.13588e-21
2.84168e-24
1.73806e-27
9.57361e-31
4.70378e-34
2.07239e-37
8.18874e-41
2.89975e-44
9.20234e-48
2.61726e-51
6.66716e-55
1.5251e-58
0.223172
0.0462516
0.00100348
6.07416e-06
1.16085e-08
1.34441e-11
1.29719e-14
1.10808e-17
8.45268e-21
5.80417e-24
3.54752e-27
1.94287e-30
9.53858e-34
4.19907e-37
1.66447e-40
5.89027e-44
1.86812e-47
5.31083e-51
1.35208e-54
3.09008e-58
0.23276
0.0548212
0.00132763
9.71224e-06
2.08343e-08
2.48824e-11
2.41169e-14
2.06089e-17
1.57182e-20
1.07243e-23
6.58862e-27
3.60646e-30
1.7695e-33
7.78414e-37
3.08314e-40
1.09501e-43
3.48449e-47
9.92784e-51
2.53202e-54
5.77774e-58
0.240452
0.0620393
0.0016434
1.40831e-05
3.34732e-08
4.12102e-11
4.01436e-14
3.43227e-17
2.61735e-20
1.78529e-23
1.09656e-26
6.00058e-30
2.94328e-33
1.29432e-36
5.10292e-40
1.80395e-43
5.73292e-47
1.63069e-50
4.14292e-54
9.45598e-58
0.247079
0.0685832
0.00195942
1.95689e-05
5.23638e-08
6.71311e-11
6.58759e-14
5.64037e-17
4.3035e-20
2.93637e-23
1.80406e-26
9.87334e-30
4.84299e-33
2.12962e-36
8.39692e-40
2.96765e-43
9.43627e-47
2.68808e-50
6.8322e-54
1.55934e-57
0.252596
0.0741085
0.0022906
2.5839e-05
7.59709e-08
1.00712e-10
9.93238e-14
8.49459e-17
6.46604e-20
4.40056e-23
2.69706e-26
1.47291e-29
7.21231e-33
3.16726e-36
1.24768e-39
4.40505e-43
1.39968e-46
3.96995e-50
1.00877e-53
2.30213e-57
0.257589
0.0792718
0.00259269
3.30727e-05
1.09627e-07
1.52963e-10
1.52681e-13
1.31115e-16
1.00117e-19
6.83428e-23
4.20083e-26
2.30013e-29
1.12883e-32
4.96651e-36
1.9587e-39
6.95658e-43
2.21322e-46
6.30701e-50
1.60912e-53
3.67394e-57
0.262069
0.0836154
0.00286688
4.02094e-05
1.45557e-07
2.1071e-10
2.11819e-13
1.81946e-16
1.38801e-19
9.46382e-23
5.77631e-26
3.17539e-29
1.55615e-32
6.83652e-36
2.69258e-39
9.54563e-43
3.03326e-46
8.63477e-50
2.19293e-53
5.00197e-57
0.266302
0.0879088
0.0037892
5.65177e-05
2.26e-07
3.44697e-10
3.5074e-13
3.01772e-16
2.30124e-19
1.56728e-22
9.55018e-26
5.23929e-29
2.56174e-32
1.12271e-35
4.4109e-39
1.55435e-42
4.92666e-46
1.3935e-49
3.53079e-53
8.03802e-57
0.270438
0.0924536
0.00599269
9.4134e-05
4.0864e-07
6.51812e-10
6.7108e-13
5.78625e-16
4.41323e-19
3.00433e-22
1.82913e-25
1.00227e-28
4.8935e-32
2.14112e-35
8.40017e-39
2.95355e-42
9.32136e-46
2.6431e-49
6.68337e-53
1.51851e-56
0.274275
0.0968297
0.00781715
0.000130489
6.17958e-07
1.03744e-09
1.08437e-12
9.38823e-16
7.1773e-19
4.89651e-22
2.98754e-25
1.64048e-28
8.02628e-32
3.51902e-35
1.38259e-38
4.86998e-42
1.54083e-45
4.37348e-49
1.11262e-52
2.51494e-56
0.277739
0.101092
0.0101696
0.000177109
9.06791e-07
1.60062e-09
1.69845e-12
1.47525e-15
1.12899e-18
7.70607e-22
4.70283e-25
2.58231e-28
1.2633e-31
5.53778e-35
2.17576e-38
7.6644e-42
2.4303e-45
6.90582e-49
1.75444e-52
3.977e-56
0.280871
0.105399
0.0129492
0.000235652
1.3038e-06
2.42252e-09
2.6125e-12
2.27778e-15
1.74599e-18
1.19331e-21
7.29164e-25
4.00851e-28
1.96337e-31
8.61661e-35
3.38923e-38
1.19504e-41
3.79309e-45
1.07413e-48
2.72453e-52
6.21222e-56
0.283769
0.109847
0.0158038
0.000301239
1.80135e-06
3.52839e-09
3.87149e-12
3.38913e-15
2.60206e-18
1.78045e-21
1.08898e-24
5.99089e-28
2.93621e-31
1.28921e-34
5.07244e-38
1.78835e-41
5.65081e-45
1.60647e-48
4.07376e-52
9.28338e-56
0.286604
0.114472
0.0187494
0.000374062
2.419e-06
5.00554e-09
5.59318e-12
4.91545e-15
3.77849e-18
2.58709e-21
1.58296e-24
8.7092e-28
4.26848e-31
1.87384e-34
7.3702e-38
2.59805e-41
8.20453e-45
2.33127e-48
5.90622e-52
1.34485e-55
0.289295
0.119396
0.0218594
0.000456614
3.20018e-06
7.01608e-09
7.99311e-12
7.05199e-15
5.42597e-18
3.7161e-21
2.27363e-24
1.25034e-27
6.12439e-31
2.68635e-34
1.05548e-37
3.71575e-41
1.17698e-44
3.33971e-48
8.48307e-52
1.91177e-55
0.291786
0.124245
0.0251194
0.00054988
4.182e-06
9.7425e-09
1.13266e-11
1.00267e-14
7.7156e-18
5.28039e-21
3.22696e-24
1.77166e-27
8.66227e-31
3.79176e-34
1.48648e-37
5.22052e-41
1.64437e-44
4.66007e-48
1.17674e-51
2.66908e-55
0.294422
0.129158
0.0284744
0.000652999
5.40946e-06
1.34441e-08
1.5959e-11
1.41645e-14
1.08921e-17
7.44339e-21
4.54066e-24
2.48758e-27
1.21368e-30
5.30101e-34
2.07352e-37
7.26607e-41
2.2909e-44
6.44007e-48
1.62839e-51
3.65217e-55
0.296781
0.13396
0.0318202
0.000764173
6.92151e-06
1.83768e-08
2.22752e-11
1.98241e-14
1.52342e-17
1.0395e-20
6.32897e-24
3.44347e-27
1.68357e-30
7.33247e-34
2.8591e-37
9.98342e-41
3.13757e-44
8.78432e-48
2.21194e-51
4.93549e-55
0.298801
0.137871
0.035254
0.000887234
8.7739e-06
2.49025e-08
3.08084e-11
2.74414e-14
2.10239e-17
1.42845e-20
8.65371e-24
4.68221e-27
2.27549e-30
9.84869e-34
3.81557e-37
1.32312e-40
4.11027e-44
1.14883e-47
2.87372e-51
6.37196e-55
0.301103
0.14175
0.0383865
0.00100609
1.07926e-05
3.25504e-08
4.09503e-11
3.65357e-14
2.80583e-17
1.91832e-20
1.17301e-23
6.40992e-27
3.13943e-30
1.36366e-33
5.2761e-37
1.82088e-40
5.63122e-44
1.54834e-47
3.8265e-51
8.37033e-55
0.302973
0.143905
0.0410622
0.00111572
1.29715e-05
4.10673e-08
7.10084e-11
6.32674e-14
4.85364e-17
3.31473e-20
2.02036e-23
1.09666e-26
5.3157e-30
2.27754e-33
8.66873e-37
2.93422e-40
8.88892e-44
2.38895e-47
5.72972e-51
1.23319e-54
0.303473
0.143566
0.0434583
0.00121857
1.51329e-05
4.97084e-08
1.08171e-10
1.10229e-13
8.02712e-17
5.26831e-20
3.11961e-23
1.6554e-26
7.85231e-30
3.28286e-33
1.21388e-36
3.97338e-40
1.16119e-43
3.00824e-47
6.96362e-51
1.45e-54
0.303218
0.142608
0.0438952
0.00124878
1.59833e-05
5.24398e-08
1.26348e-10
1.43783e-13
1.008e-16
6.35197e-20
3.61303e-23
1.84717e-26
8.4799e-30
3.44679e-33
1.24427e-36
3.99153e-40
1.14623e-43
2.92256e-47
6.70052e-51
1.36248e-54
0.302383
0.140607
0.0436641
0.00123825
1.58417e-05
5.11922e-08
1.22443e-10
1.24138e-13
8.45375e-17
5.20426e-20
2.90507e-23
1.46208e-26
6.62642e-30
2.66521e-33
9.5448e-37
3.0452e-40
8.6708e-44
2.2224e-47
5.08136e-51
1.04985e-54
0.300593
0.13738
0.0427966
0.00120301
1.51916e-05
4.76121e-08
9.22922e-11
7.57875e-14
5.30846e-17
3.30219e-20
1.83848e-23
9.17569e-27
4.13124e-30
1.6609e-33
6.00079e-37
1.94902e-40
5.69471e-44
1.50416e-47
3.55178e-51
7.57378e-55
0.297202
0.131881
0.0407782
0.001122
1.36043e-05
4.00216e-08
4.9002e-11
4.22977e-14
3.10212e-17
2.0097e-20
1.15981e-23
5.97786e-27
2.77282e-30
1.14431e-33
4.23119e-37
1.40226e-40
4.19182e-44
1.11569e-47
2.66059e-51
5.71764e-55
0.294273
0.125849
0.0371231
0.00097925
1.08513e-05
2.94633e-08
3.51321e-11
3.02971e-14
2.22005e-17
1.43822e-20
8.31036e-24
4.29228e-27
1.997e-30
8.26119e-34
3.05997e-37
1.0153e-40
3.0347e-44
8.07256e-48
1.92324e-51
4.12776e-55
0.291023
0.121884
0.0340065
0.000852801
8.234e-06
2.05249e-08
2.42305e-11
2.09474e-14
1.52975e-17
9.86439e-21
5.67543e-24
2.92099e-27
1.35611e-30
5.60014e-34
2.07292e-37
6.88037e-41
2.04956e-44
5.51623e-48
1.32336e-51
2.86878e-55
0.286843
0.115549
0.0299497
0.00070202
5.66288e-06
1.29149e-08
1.54247e-11
1.35052e-14
9.91425e-18
6.43228e-21
3.73334e-24
1.94359e-27
9.15896e-31
3.84846e-34
1.45437e-37
4.94768e-41
1.5156e-44
4.20999e-48
1.04438e-51
2.34735e-55
0.285619
0.11019
0.0238982
0.000519499
3.6529e-06
8.44834e-09
1.07679e-11
9.9043e-15
7.51645e-18
5.03811e-21
3.02972e-24
1.6386e-27
8.04195e-31
3.51907e-34
1.38463e-37
4.8981e-41
1.5587e-44
4.49957e-48
1.16041e-51
2.7172e-55
0.2866
0.110699
0.0223954
0.000465804
3.15982e-06
7.70232e-09
1.09434e-11
1.07884e-14
8.52746e-18
5.91493e-21
3.68194e-24
2.06467e-27
1.04372e-30
4.80179e-34
1.9758e-37
7.34278e-41
2.47264e-44
7.60947e-48
2.1037e-51
5.33441e-55
0.289082
0.115268
0.0238607
0.00049657
3.47026e-06
9.62329e-09
1.65046e-11
1.84141e-14
1.5634e-17
1.15304e-20
7.64977e-24
4.59887e-27
2.51327e-30
1.2676e-33
5.80682e-37
2.45013e-40
9.59236e-44
3.50145e-47
1.17271e-50
3.53263e-54
0.292589
0.126351
0.0288174
0.00062081
5.01255e-06
1.84897e-08
4.42594e-11
6.32996e-14
6.57466e-17
5.97024e-20
4.93086e-23
3.69589e-26
2.4976e-29
1.54032e-32
8.45953e-36
4.19172e-39
1.87179e-42
7.62794e-46
2.78445e-49
8.85909e-53
0.297806
0.143287
0.0367017
0.00116975
1.77711e-05
1.6538e-07
6.26725e-10
1.23975e-12
1.575e-15
1.65694e-18
1.53184e-21
1.24624e-24
8.89411e-28
5.6719e-31
3.17348e-34
1.58679e-37
7.17766e-41
2.89861e-44
1.05372e-47
3.28598e-51
0.304118
0.16403
0.0530528
0.00274209
9.74147e-05
1.68592e-06
1.58518e-08
3.78534e-11
5.83608e-14
7.39623e-17
7.93923e-20
7.10066e-23
5.26373e-26
3.31029e-29
1.75166e-32
8.01755e-36
3.24686e-39
1.17399e-42
3.70948e-46
1.02175e-49
0.313219
0.184026
0.0757353
0.0128443
0.000565528
1.28153e-05
1.92438e-07
1.1177e-09
3.92029e-12
4.6908e-15
4.32862e-18
3.40623e-21
2.2522e-24
1.26299e-27
5.92529e-31
2.37527e-34
8.3e-38
2.55357e-41
6.88748e-45
1.61024e-48
0.32512
0.20407
0.0979943
0.025448
0.00142817
4.08388e-05
7.32932e-07
5.90067e-09
3.42897e-11
1.02225e-13
7.00627e-17
4.33083e-20
2.44418e-23
1.21264e-26
5.20329e-30
1.93107e-33
6.16036e-37
1.71185e-40
4.06384e-44
8.48007e-48
0.334819
0.218414
0.115794
0.0349095
0.00203374
9.53293e-05
1.6493e-06
1.38206e-08
9.28302e-11
3.43598e-13
3.54001e-16
1.78916e-19
8.28549e-23
3.52454e-26
1.32242e-29
4.34588e-33
1.24137e-36
3.07742e-40
6.63463e-44
1.26101e-47
0.338993
0.221481
0.125311
0.0484709
0.00430508
0.000175753
2.21587e-06
1.67214e-08
1.08363e-10
4.00254e-13
4.44841e-16
1.95951e-19
7.96056e-23
3.00048e-26
1.01805e-29
3.0815e-33
8.21475e-37
1.9143e-40
3.93214e-44
7.04707e-48
0.338957
0.219807
0.126074
0.0532362
0.00603732
0.000179729
1.56011e-06
1.09737e-08
6.85024e-11
2.34105e-13
2.05498e-16
8.1814e-20
3.01279e-23
1.0387e-26
3.27424e-30
9.39121e-34
2.41217e-37
5.48395e-41
1.09795e-44
1.94841e-48
0.33616
0.216344
0.123283
0.0521798
0.00556298
0.00012542
7.95122e-07
5.07724e-09
2.77193e-11
7.85018e-14
3.88295e-17
1.76414e-20
7.16935e-24
2.64298e-27
8.66494e-31
2.5318e-34
6.54002e-38
1.48536e-41
2.96039e-45
5.10622e-49
0.314307
0.212739
0.119824
0.0491359
0.00376407
7.17079e-05
3.61906e-07
2.16517e-09
1.0106e-11
2.0695e-14
9.9964e-18
4.54875e-21
1.84968e-24
6.76702e-28
2.23476e-31
6.43695e-35
1.62842e-38
3.60739e-42
6.99442e-46
1.17153e-49
0.278044
0.204733
0.115073
0.0451582
0.00183951
3.5667e-05
1.62836e-07
9.56436e-10
3.65592e-12
3.68243e-15
1.85485e-18
8.4149e-22
3.48534e-25
1.30502e-28
4.40063e-32
1.28117e-35
3.25087e-39
7.18323e-43
1.38408e-46
2.29371e-50
0.247612
0.194791
0.106464
0.0409436
0.00130014
2.09687e-05
8.40193e-08
4.29058e-10
1.05205e-12
6.21756e-16
3.41732e-19
1.59427e-22
6.63478e-26
2.45647e-29
8.02538e-33
2.33151e-36
5.80405e-40
1.25945e-43
2.38662e-47
3.8916e-51
0.221034
0.18576
0.0956763
0.0348153
0.000956322
1.18887e-05
4.17734e-08
1.54314e-10
1.36236e-13
9.50585e-17
5.39631e-20
2.61524e-23
1.1101e-26
4.12295e-30
1.33411e-33
3.76189e-37
9.38581e-41
2.00148e-44
3.72906e-48
5.98263e-52
0.196686
0.176233
0.0858323
0.0271704
0.000679138
5.93607e-06
1.54486e-08
2.762e-11
1.95415e-14
1.37755e-17
7.62697e-21
3.71491e-24
1.5895e-27
5.93493e-31
1.92187e-34
5.40041e-38
1.34419e-41
2.85492e-45
5.30861e-49
8.50761e-53
0.173311
0.159385
0.0693295
0.0135313
0.000295173
1.80916e-06
3.23841e-09
3.48948e-12
2.63596e-15
1.87446e-18
1.059e-21
5.22888e-25
2.25541e-28
8.47536e-32
2.76642e-35
7.84909e-39
1.94204e-42
4.28562e-46
8.1149e-50
1.32985e-53
0.152793
0.136831
0.0535199
0.00412849
9.01285e-05
4.32848e-07
6.90287e-10
6.79357e-13
5.64399e-16
3.6377e-19
2.0006e-22
9.64974e-26
4.08638e-29
1.51732e-32
4.93829e-36
1.40926e-39
3.53787e-43
7.84722e-47
1.57658e-50
2.68963e-54
0.136231
0.121416
0.04759
0.00209536
3.27491e-05
1.18653e-07
1.7201e-10
1.63174e-13
1.35726e-16
8.82202e-20
4.91065e-23
2.37379e-26
1.00264e-29
3.71743e-33
1.2154e-36
3.51831e-40
9.05125e-44
2.07672e-47
4.36966e-51
7.81273e-55
0.121601
0.106853
0.039089
0.00116074
1.35786e-05
3.99439e-08
5.28934e-11
5.53403e-14
4.42615e-17
2.94094e-20
1.68095e-23
8.30155e-27
3.56695e-30
1.34366e-33
4.46783e-37
1.32052e-40
3.48273e-44
8.23073e-48
1.74269e-51
3.40684e-55
0.108076
0.0932517
0.0309536
0.000777028
6.91717e-06
1.73351e-08
2.37026e-11
2.37174e-14
1.90419e-17
1.30335e-20
7.69724e-24
3.92566e-27
1.73154e-30
6.64055e-34
2.23389e-37
6.66192e-41
1.7747e-44
4.25125e-48
9.86114e-52
4.20791e-55
0.0962799
0.0811151
0.0234526
0.000533425
3.71159e-06
7.81497e-09
1.06155e-11
1.08178e-14
9.52051e-18
7.27232e-21
4.58578e-24
2.48297e-27
1.14819e-30
4.55018e-34
1.56212e-37
4.71601e-41
1.28173e-44
5.41748e-48
1.86941e-50
3.94599e-53
0.0848377
0.0679669
0.00998636
0.000221618
1.33176e-06
3.07547e-09
4.24315e-12
4.76336e-15
4.43687e-18
3.81034e-21
2.70027e-24
1.63121e-27
8.27852e-31
3.52229e-34
1.26985e-37
3.9739e-41
3.3317e-44
5.47316e-46
4.02805e-48
7.8497e-51
0.0734274
0.0550853
0.00419184
8.65518e-05
4.62558e-07
1.14157e-09
1.72797e-12
2.21236e-15
2.35675e-18
2.35254e-21
1.93836e-24
1.35202e-27
7.79294e-31
3.68583e-34
1.44694e-37
7.30868e-41
4.60117e-42
1.14569e-43
8.15679e-46
1.37537e-48
0.0638941
0.0463074
0.00234323
4.00979e-05
1.89748e-07
4.54616e-10
7.72631e-13
1.09464e-15
1.39859e-18
1.72508e-21
1.73437e-24
1.45612e-27
1.00944e-30
5.733e-34
2.73972e-37
4.20224e-39
8.24603e-40
2.16818e-41
1.49224e-43
2.04556e-46
0.0563095
0.0389825
0.00143086
2.13668e-05
9.47341e-08
2.37107e-10
4.51079e-13
7.57688e-16
1.16977e-18
1.64789e-21
2.15681e-24
2.32297e-27
2.10832e-30
1.55141e-33
1.85079e-36
5.73805e-37
1.32106e-37
3.67829e-39
2.2764e-41
2.34015e-44
0.0491574
0.0343294
0.00111753
1.44925e-05
6.51265e-08
1.68443e-10
3.4935e-13
6.66746e-16
1.18165e-18
1.97414e-21
3.45262e-24
5.11744e-27
6.4415e-30
8.19506e-33
1.02071e-34
5.79149e-35
1.4302e-35
3.45513e-37
2.18332e-39
1.99254e-42
0.0435498
0.0278642
0.000863153
1.02277e-05
4.57605e-08
1.30267e-10
3.09495e-13
6.70482e-16
1.39205e-18
2.98558e-21
6.98048e-24
1.44468e-26
3.24108e-29
2.78088e-31
8.9765e-33
4.54269e-33
9.49819e-34
2.18776e-35
1.51786e-37
1.30949e-40
0.0391358
0.0221759
0.000663243
7.96672e-06
3.76267e-08
1.19162e-10
3.12731e-13
7.68777e-16
1.94577e-18
5.28483e-21
1.53957e-23
6.03376e-26
8.39065e-28
2.64067e-29
7.66915e-31
2.60306e-31
4.77501e-32
1.07612e-33
8.34294e-36
7.09309e-39
0.0314655
0.0203831
0.000611873
7.44491e-06
3.68062e-08
1.24257e-10
3.61679e-13
1.03385e-15
3.07891e-18
1.03283e-20
5.19333e-23
1.14907e-24
5.72522e-26
2.24928e-27
5.9132e-29
1.2346e-29
1.99537e-30
4.44e-32
3.83143e-34
3.32221e-37
0.0297272
0.0194266
0.000597693
7.56269e-06
3.99184e-08
1.51149e-10
5.10015e-13
1.69737e-15
6.24483e-18
5.00666e-20
1.24699e-21
5.42479e-23
3.64182e-24
1.50396e-25
4.01765e-27
5.23201e-28
7.40437e-29
1.61805e-30
1.53223e-32
1.40364e-35
0.0260671
0.0193703
0.00061719
8.46993e-06
5.20059e-08
2.36746e-10
1.01484e-12
5.34184e-15
5.39061e-17
2.22425e-18
7.30015e-20
2.74143e-21
1.63609e-22
7.8418e-24
2.26344e-25
2.07884e-26
2.51541e-27
5.38896e-29
5.5233e-31
5.57191e-34
0.023639
0.0195397
0.000875391
1.65544e-05
1.30019e-07
9.02574e-10
7.8837e-12
1.13979e-13
2.4182e-15
1.04838e-16
2.39754e-18
1.14055e-19
6.06834e-21
3.42769e-22
1.04583e-23
7.7752e-25
7.90001e-26
1.67481e-27
1.84593e-29
2.15712e-32
0.0224119
0.0206081
0.00148074
6.43223e-05
1.26905e-06
1.73233e-08
2.67373e-10
5.65059e-12
1.37754e-13
4.90336e-15
1.05084e-16
3.56909e-18
2.36567e-19
1.16494e-20
4.00517e-22
2.67746e-23
2.3132e-24
4.9111e-26
5.83988e-28
8.38693e-31
0.0213273
0.0223023
0.00424206
0.000363661
1.54013e-05
4.94252e-07
1.24411e-08
2.81611e-10
7.12892e-12
1.77223e-13
4.64719e-15
1.47493e-16
7.04787e-18
3.60031e-19
1.3719e-20
8.31037e-22
6.3231e-23
1.363e-24
1.76918e-26
3.32571e-29
0.0175759
0.0231184
0.0118904
0.00140107
0.000114098
6.39909e-06
3.03654e-07
1.24587e-08
3.7586e-10
8.08634e-12
2.48559e-13
6.48061e-15
2.52857e-16
1.16657e-17
4.39267e-19
2.29349e-20
1.60391e-21
3.5614e-23
5.12988e-25
1.34129e-27
0.0158717
0.0243869
0.0158875
0.00469564
0.000705227
5.60156e-05
3.83641e-06
2.29951e-07
1.11176e-08
3.79737e-10
7.77845e-12
3.18038e-13
9.8975e-15
3.95257e-16
1.15419e-17
5.49822e-19
3.7832e-20
8.73102e-22
1.41318e-23
5.4204e-26
0.0149895
0.0253796
0.0199763
0.0123067
0.00213038
0.000341397
3.14212e-05
2.47291e-06
1.58987e-07
7.52519e-09
2.06636e-10
9.51731e-12
3.18378e-13
9.52302e-15
2.32169e-16
1.14056e-17
8.38976e-19
2.04224e-20
3.72158e-22
2.17829e-24
0.0150897
0.027848
0.0260763
0.0178499
0.00931282
0.00149437
0.00021051
1.92398e-05
1.50077e-06
8.40161e-08
2.97111e-09
8.31527e-11
4.41408e-12
1.61219e-13
4.03027e-15
2.20295e-16
1.74257e-17
4.67541e-19
9.70158e-21
8.70416e-23
0.0149891
0.0333692
0.0340703
0.0259732
0.0160127
0.00731498
0.00110051
0.000129866
1.10634e-05
7.00825e-07
2.90342e-08
9.40859e-10
4.95472e-11
2.17867e-12
6.53914e-14
4.34358e-15
2.98203e-16
7.90203e-18
1.84296e-19
3.09717e-21
0.0124248
0.035162
0.0432485
0.0357754
0.0240251
0.0140128
0.0055143
0.000770165
7.21544e-05
5.02191e-06
2.36831e-07
8.85259e-09
5.06171e-10
2.36705e-11
8.36568e-13
7.45156e-14
3.47086e-15
9.63809e-17
2.70705e-18
6.65082e-20
0.00725995
0.0342864
0.052194
0.0472356
0.0367458
0.0214114
0.0116251
0.00375662
0.000472543
3.90074e-05
1.82585e-06
6.93754e-08
4.14142e-09
2.15939e-10
8.6053e-12
9.04216e-13
4.78521e-14
1.50461e-15
4.75885e-17
1.28058e-18
0.00203239
0.0324688
0.0546497
0.0587458
0.0482267
0.0337071
0.017862
0.0085628
0.00155474
0.000196303
1.0931e-05
4.59324e-07
2.93801e-08
1.66861e-09
7.84672e-11
9.98087e-12
5.92862e-13
2.08639e-14
7.2986e-16
2.25731e-17
0.00109168
0.028767
0.0539897
0.062446
0.05708
0.0450528
0.0288739
0.0134974
0.00583714
0.00064089
5.00375e-05
2.15624e-06
1.49665e-07
1.06559e-08
7.39378e-10
1.33409e-10
7.16305e-12
2.70432e-13
1.02062e-14
3.4757e-16
0.000706249
0.0209444
0.0482583
0.0649301
0.0648996
0.0548317
0.0395605
0.0223716
0.00943825
0.00254789
0.000233636
1.11141e-05
9.00402e-07
8.65081e-08
1.10604e-08
1.93451e-09
8.47264e-11
3.39015e-12
1.33231e-13
4.744e-15
0.000584961
0.017732
0.0426353
0.0649921
0.0699177
0.0625449
0.0493711
0.0320728
0.0158675
0.00655655
0.000679144
5.61865e-05
5.2457e-06
1.01008e-06
2.38262e-07
2.73172e-08
1.03539e-09
4.03209e-11
1.53035e-12
5.29074e-14
0.000557015
0.0163798
0.0375335
0.0621666
0.071422
0.0686208
0.0580252
0.0416686
0.0251066
0.0107639
0.00399547
0.000404247
6.57975e-05
1.80272e-05
3.74162e-06
2.88398e-07
1.07372e-08
3.85362e-10
1.22725e-11
3.46275e-13
0.000621245
0.0173362
0.035318
0.0580181
0.0712134
0.0725403
0.0649363
0.0506775
0.0344188
0.0186379
0.00878782
0.00365895
0.0028404
0.000534261
4.87025e-05
1.34741e-06
3.20394e-08
8.38059e-10
2.14596e-11
5.31906e-13
0.000836686
0.0211082
0.0366418
0.0546713
0.0705261
0.0745281
0.0699124
0.0584838
0.0432052
0.0274778
0.0147968
0.008294
0.00752411
0.000734841
4.82586e-05
1.10845e-06
2.90956e-08
7.97526e-10
2.04859e-11
4.9794e-13
0.00248421
0.0276373
0.0431662
0.0559478
0.070682
0.0763553
0.0742446
0.0657427
0.0526249
0.038565
0.0278412
0.018677
0.0113974
0.00089327
3.28339e-05
7.22002e-07
1.82522e-08
4.5752e-10
1.0588e-11
2.32017e-13
0.00609022
0.0340543
0.0520094
0.061902
0.07207
0.0775986
0.0772129
0.0711327
0.0606935
0.0488737
0.0385861
0.0261263
0.00943949
0.000493345
9.04191e-06
1.98481e-07
4.71958e-09
1.09424e-10
2.38285e-12
5.00209e-14
0.00930126
0.0391073
0.0582398
0.067958
0.0741164
0.0781255
0.0777539
0.0724985
0.0634302
0.0524016
0.0401959
0.0247263
0.00236791
7.56972e-05
1.48762e-06
3.37384e-08
7.80803e-10
1.74091e-11
3.66681e-13
7.47916e-15
0.010929
0.0418922
0.0614317
0.0708208
0.0753852
0.0777768
0.0770854
0.0716684
0.0627534
0.0514003
0.0372162
0.0159797
0.000480834
8.55115e-06
1.79672e-07
4.07576e-09
9.30859e-11
2.05847e-12
4.34044e-14
8.9082e-16
0.0107202
0.0422419
0.062077
0.0713308
0.0752704
0.0769722
0.0755845
0.0698491
0.0607669
0.0480481
0.0306479
0.00413772
5.57037e-05
9.99244e-07
2.17974e-08
5.05049e-10
1.18482e-11
2.69833e-13
5.85691e-15
1.23375e-16
0.00885764
0.040793
0.0611526
0.0705528
0.0742961
0.0754106
0.0728323
0.0661712
0.05597
0.040277
0.0194015
0.000855258
1.01153e-05
2.03314e-07
4.18636e-09
9.50231e-11
2.23478e-12
5.15245e-14
1.13501e-15
2.42458e-17
0.00547402
0.037223
0.0584587
0.0679962
0.0711028
0.0711785
0.0671035
0.0576052
0.0427652
0.0238026
0.00434733
0.000100059
2.05928e-06
4.17474e-08
9.28048e-10
2.22311e-11
5.48134e-13
1.31696e-14
3.0163e-16
6.70399e-18
0.00214904
0.0336192
0.0559794
0.0652742
0.0671961
0.0646293
0.0578361
0.0468991
0.0309368
0.0154845
0.000984457
2.59688e-05
5.60313e-07
1.30214e-08
3.17981e-10
8.56333e-12
2.37068e-13
6.4112e-15
1.65354e-16
4.14038e-18
0.00136093
0.0301878
0.0530811
0.0631143
0.0649599
0.0627376
0.0552238
0.0435081
0.0267506
0.0112247
0.000305927
1.29011e-05
3.81996e-07
1.03293e-08
3.00608e-10
9.34232e-12
2.85936e-13
8.23868e-15
2.19413e-16
5.53666e-18
0.000871796
0.023345
0.0465123
0.058338
0.0602004
0.0561942
0.0480736
0.0350324
0.0197063
0.00820025
0.000338191
1.63459e-05
4.68637e-07
1.27206e-08
3.78218e-10
1.14646e-11
3.31099e-13
8.90249e-15
2.20803e-16
5.17803e-18
0.000560972
0.0161783
0.0398614
0.0534756
0.0564487
0.0517444
0.0411498
0.0292791
0.0172375
0.00616873
0.000310202
1.38492e-05
3.36044e-07
9.02027e-09
2.63868e-10
7.54824e-12
2.00702e-13
4.90189e-15
1.09855e-16
2.31465e-18
0.000430052
0.0126096
0.0348051
0.0490715
0.0535501
0.0484539
0.0384365
0.0268124
0.0144511
0.00312568
0.000155869
4.47877e-06
1.00157e-07
2.61078e-09
7.21878e-11
1.9385e-12
4.87996e-14
1.14056e-15
2.47224e-17
5.06473e-19
0.000374363
0.0110286
0.0309273
0.0446411
0.0488548
0.0441272
0.0347876
0.0230554
0.0105249
0.000769601
3.31173e-05
7.25952e-07
1.82121e-08
5.01526e-10
1.38021e-11
3.60046e-13
8.74306e-15
1.96903e-16
4.11798e-18
8.12465e-20
0.000331601
0.00951669
0.0277026
0.0398013
0.0420156
0.0394008
0.0300921
0.0176726
0.00408699
0.000173921
4.17927e-06
9.59224e-08
2.59373e-09
7.30884e-11
1.9962e-12
5.0991e-14
1.20655e-15
2.64368e-17
5.37528e-19
1.02724e-20
0.000297877
0.00816721
0.0246694
0.0349482
0.0371401
0.034232
0.0244195
0.0111359
0.000786395
2.23228e-05
4.74555e-07
1.20073e-08
3.37138e-10
9.43263e-12
2.50688e-13
6.19473e-15
1.42227e-16
3.02303e-18
5.96039e-20
1.10171e-21
0.000268108
0.00722293
0.0229443
0.0314295
0.0331225
0.0284248
0.0174509
0.00348118
0.000123025
2.40675e-06
5.46648e-08
1.46284e-09
4.12273e-11
1.12783e-12
2.91109e-14
6.9852e-16
1.55642e-17
3.20453e-19
6.12441e-21
1.09502e-22
0.000155132
0.00437262
0.0192686
0.0270191
0.0282047
0.0219773
0.0100053
0.000679413
1.55675e-05
2.97836e-07
7.16899e-09
1.94132e-10
5.33565e-12
1.40519e-13
3.48715e-15
8.06077e-17
1.72734e-18
3.40942e-20
6.24592e-22
1.06969e-23
4.44052e-05
0.00120559
0.0148465
0.0218494
0.0221734
0.0142176
0.00278091
0.000106459
1.91352e-06
3.9154e-08
9.79049e-10
2.62363e-11
6.94975e-13
1.74882e-14
4.14394e-16
9.15079e-18
1.86942e-19
3.51921e-21
6.12103e-23
9.9977e-25
1.88962e-05
0.000597135
0.0114429
0.017964
0.0158223
0.00737871
0.000561024
1.35982e-05
2.47199e-07
5.50096e-09
1.40125e-10
3.65952e-12
9.26438e-14
2.22045e-15
5.00212e-17
1.0443e-18
2.0096e-20
3.53905e-22
6.02617e-24
9.39766e-26
9.70897e-06
0.000334176
0.00721149
0.011887
0.0093709
0.00205259
9.0381e-05
1.71845e-06
3.29241e-08
7.73149e-10
1.95834e-11
4.90919e-13
1.17363e-14
2.65599e-16
5.62736e-18
1.09277e-19
1.95586e-21
3.3986e-23
5.32141e-25
7.55959e-27
4.19355e-06
0.000160572
0.00376669
0.00621016
0.0038384
0.000372162
1.05836e-05
1.9174e-07
4.09238e-09
1.00236e-10
2.48615e-12
5.90723e-14
1.3301e-15
2.82976e-17
5.54078e-19
1.08322e-20
1.92222e-22
2.98381e-24
4.18107e-26
5.41817e-28
9.66348e-07
3.56981e-05
0.000688144
0.00256922
0.000675861
4.89588e-05
1.04548e-06
2.01473e-08
4.65341e-10
1.14378e-11
2.70527e-13
6.06534e-15
1.2709e-16
2.51018e-18
5.11663e-20
9.3278e-22
1.44634e-23
2.0494e-25
2.64077e-27
3.20543e-29
1.74946e-07
6.72185e-06
0.000123278
0.000423462
9.54238e-05
4.35947e-06
8.66775e-08
1.89023e-09
4.56307e-11
1.08938e-12
2.44265e-14
5.0947e-16
1.14064e-17
2.29835e-19
3.93389e-21
6.05807e-23
8.54601e-25
1.09561e-26
1.37436e-28
1.45447e-30
2.50502e-08
9.9527e-07
1.61496e-05
5.79662e-05
8.51878e-06
3.06548e-07
6.56842e-09
1.57211e-10
3.79779e-12
8.67423e-14
1.81137e-15
4.2347e-17
8.49089e-19
1.39091e-20
2.11367e-22
2.9706e-24
3.80258e-26
4.67017e-28
4.80935e-30
4.45178e-32
2.83933e-09
1.13948e-07
1.51644e-06
4.76693e-06
6.16091e-07
1.89625e-08
4.58585e-10
1.14611e-11
2.69148e-13
5.70899e-15
1.41289e-16
2.81718e-18
4.50379e-20
6.66664e-22
9.02836e-24
1.13549e-25
1.30201e-27
1.57819e-29
1.44407e-31
1.17168e-33
2.80889e-10
1.14459e-08
1.33702e-07
3.67021e-07
3.79581e-08
1.12513e-09
2.95136e-11
7.3439e-13
1.60143e-14
4.31352e-16
8.71963e-18
1.52155e-19
2.15127e-21
2.80443e-23
4.14988e-25
5.25057e-27
5.66784e-29
4.85701e-31
3.72883e-33
2.53367e-35
2.5832e-11
1.05944e-09
1.11409e-08
2.59903e-08
2.12138e-09
6.47321e-11
1.74248e-12
4.04023e-14
1.19559e-15
2.67763e-17
4.80265e-19
9.24886e-21
1.33794e-22
1.67007e-24
1.97029e-26
2.15641e-28
2.02857e-30
1.43555e-32
9.0082e-35
4.97688e-37
2.25448e-12
9.22985e-11
8.80153e-10
1.65756e-09
1.1484e-10
3.57903e-12
9.39755e-14
3.09028e-15
8.3479e-17
1.78928e-18
3.36867e-20
3.96819e-22
6.13106e-24
6.22639e-26
7.19151e-28
6.45741e-30
5.62593e-32
3.28925e-34
1.6811e-36
7.39304e-39
1.85454e-13
7.51209e-12
6.64166e-11
9.66225e-11
6.09709e-12
1.87434e-13
4.55077e-15
1.99528e-16
4.51244e-18
8.53613e-20
1.21452e-21
1.79964e-23
1.66293e-25
1.40942e-27
1.30937e-29
1.48676e-31
8.74876e-34
4.79776e-36
2.04605e-38
6.78352e-41
1.47616e-14
5.97105e-13
4.7945e-12
5.32953e-12
3.19193e-13
8.95311e-15
3.52881e-16
1.03696e-17
1.54954e-19
3.08746e-21
5.07329e-23
6.08064e-25
4.66774e-27
3.91182e-29
3.43492e-31
3.02461e-33
1.53788e-35
7.67122e-38
1.99643e-40
3.96281e-43
1.17714e-15
4.61138e-14
3.28675e-13
2.84852e-13
1.62029e-14
7.27894e-16
2.30363e-17
3.68891e-19
8.7165e-21
1.4963e-22
1.98202e-24
1.99148e-26
9.47088e-29
6.335e-31
6.75068e-33
5.0045e-35
2.1236e-37
8.429e-40
1.01383e-42
8.45821e-46
9.48904e-17
3.45888e-15
2.13098e-14
1.49321e-14
7.59133e-16
5.05792e-17
9.41077e-19
1.37092e-20
4.09139e-22
6.41738e-24
3.63667e-26
5.34988e-28
2.24169e-30
7.22259e-33
1.17264e-34
4.01227e-37
1.6254e-39
7.73712e-42
6.00635e-45
1.99595e-48
7.5686e-18
2.53541e-16
1.33576e-15
7.77197e-16
6.69644e-17
2.2884e-18
3.38985e-20
9.01466e-22
1.93078e-23
1.42621e-25
1.2568e-27
7.85896e-30
3.0904e-32
8.27389e-35
1.98887e-36
6.44675e-39
1.9173e-41
7.01634e-44
3.8678e-47
6.3532e-51
5.86085e-19
1.8509e-17
8.32554e-17
3.88689e-17
4.93221e-18
8.96673e-20
2.36218e-21
5.66405e-23
6.86194e-25
3.22894e-27
4.2697e-29
1.18671e-31
3.71627e-34
1.06574e-36
2.61267e-38
9.02379e-41
1.96325e-43
6.31128e-46
2.73847e-49
3.71277e-53
4.43758e-20
1.3619e-18
5.22103e-18
3.78949e-18
2.28153e-19
6.8688e-21
1.29913e-22
3.33731e-24
1.8076e-26
7.95649e-29
1.37296e-30
3.68663e-33
9.25725e-36
2.33364e-38
4.18059e-40
1.42884e-42
2.82969e-45
4.6549e-48
1.54977e-51
2.08329e-55
3.44071e-21
1.00698e-19
3.29894e-19
3.37797e-19
2.06523e-20
4.62951e-22
1.02904e-23
1.10061e-25
4.9974e-28
1.84383e-30
2.35119e-32
6.08356e-35
1.26663e-37
2.75541e-40
3.43894e-42
1.12077e-44
2.01008e-47
2.27487e-50
6.92932e-54
9.65771e-58
2.85331e-22
7.44784e-21
2.00207e-20
2.79051e-20
1.90934e-21
4.07756e-23
5.80015e-25
3.92217e-27
1.49538e-29
4.60036e-32
4.11289e-34
1.02823e-36
1.85612e-39
3.46024e-42
2.88128e-44
8.52552e-47
1.40784e-49
1.38327e-52
3.92512e-56
5.93548e-60
2.54214e-23
5.74528e-22
2.32432e-21
1.57736e-21
1.80468e-22
2.75817e-24
2.60298e-26
1.48724e-28
4.8782e-31
1.26035e-33
7.52562e-36
1.77665e-38
2.87808e-41
4.62832e-44
2.49429e-46
6.40836e-49
9.77614e-52
8.39795e-55
2.0907e-58
3.12895e-62
2.14778e-24
4.78641e-23
2.72981e-22
1.82469e-22
1.51445e-23
1.47774e-25
1.2057e-27
6.05458e-30
1.75134e-32
3.86326e-35
1.49397e-37
3.19479e-40
4.67157e-43
6.52509e-46
2.27016e-48
4.8751e-51
6.25582e-54
4.31079e-57
1.09722e-60
1.70027e-64
1.79309e-25
4.04439e-24
1.82682e-23
2.30009e-23
8.61253e-25
8.10308e-27
5.94892e-29
2.59653e-31
6.91618e-34
1.34342e-36
3.39912e-39
6.20054e-42
8.04203e-45
9.7026e-48
2.21457e-50
3.82422e-53
4.04483e-56
2.32304e-59
5.8751e-63
8.00957e-67
1.56961e-26
3.48964e-25
2.36461e-24
1.98227e-24
4.99014e-26
4.63144e-28
3.10947e-30
1.2094e-32
3.0035e-35
5.30381e-38
9.41758e-41
1.37318e-43
1.52564e-46
1.55357e-49
2.37348e-52
3.17282e-55
2.71191e-58
1.32894e-61
3.4139e-65
4.41099e-69
2.08538e-27
5.90463e-26
2.58611e-25
1.3403e-25
3.13681e-27
2.80681e-29
1.75227e-31
6.19851e-34
1.4454e-36
2.37246e-39
3.28298e-42
3.74622e-45
3.40785e-48
2.82019e-51
2.9168e-54
2.89034e-57
1.95332e-60
8.18164e-64
2.04971e-67
2.96323e-71
3.67619e-28
9.88407e-27
3.41043e-26
9.30067e-27
2.13134e-28
1.82297e-30
1.07344e-32
3.5212e-35
7.78046e-38
1.20518e-40
1.42895e-43
1.33316e-46
9.8767e-50
6.41857e-53
4.4629e-56
3.09463e-59
1.61081e-62
5.7134e-66
1.3126e-69
1.76358e-73
4.91726e-29
1.03452e-27
4.6718e-27
6.47519e-28
1.53301e-29
1.2682e-31
7.16216e-34
2.21373e-36
4.67592e-39
6.9426e-42
7.54137e-45
6.20019e-48
4.03513e-51
2.13286e-54
1.0197e-57
4.66552e-61
1.77415e-64
5.16694e-68
1.26979e-71
4.21036e-73
1.10872e-29
2.03627e-28
5.27436e-28
4.8415e-29
1.16722e-30
9.46558e-33
5.2516e-35
1.56229e-37
3.17657e-40
4.56776e-43
4.85653e-46
3.82733e-49
2.24345e-52
1.04778e-55
4.05572e-59
1.35396e-62
3.81505e-66
1.30831e-69
1.8243e-70
3.16995e-71
2.5256e-30
3.40202e-29
4.52333e-29
3.95571e-30
9.5816e-32
7.72584e-34
4.27006e-36
1.25253e-38
2.50296e-41
3.52824e-44
3.63428e-47
2.78248e-50
1.60779e-53
7.25151e-57
2.63186e-60
7.903e-64
2.55048e-67
3.74407e-68
1.45284e-68
2.43666e-69
3.85943e-31
3.98705e-30
4.18989e-30
3.51622e-31
8.70508e-33
7.35965e-35
3.90743e-37
1.14036e-39
2.30508e-42
3.29754e-45
3.42093e-48
2.63684e-51
1.53912e-54
6.98103e-58
2.53693e-61
8.1938e-65
4.60392e-66
2.97658e-66
1.1535e-66
1.87235e-67
5.80514e-32
8.90226e-31
4.97502e-31
3.79092e-32
8.3125e-34
7.18069e-36
3.986e-38
1.28726e-40
2.59938e-43
3.84692e-46
4.18154e-49
3.37973e-52
2.06401e-55
9.7347e-59
3.68141e-62
4.30974e-64
3.78915e-64
2.33861e-64
9.08309e-65
1.42458e-65
1.52343e-32
1.50159e-31
5.61336e-32
4.2215e-33
8.89452e-35
7.88492e-37
4.34745e-39
1.62189e-41
3.57426e-44
5.75448e-47
6.88543e-50
6.169e-53
4.16457e-56
2.14829e-59
3.36841e-62
3.04584e-62
2.85749e-62
1.84396e-62
7.19241e-63
1.07296e-63
2.8817e-33
2.43607e-32
6.84704e-33
4.86732e-34
1.0286e-35
9.79575e-38
5.67574e-40
2.42039e-42
6.17367e-45
1.15452e-47
1.61847e-50
1.71467e-53
1.3673e-56
9.13901e-60
1.3189e-60
1.98835e-60
2.04348e-60
1.43246e-60
5.76122e-61
8.07175e-62
7.73937e-34
4.75132e-33
1.06416e-33
7.54689e-35
1.68502e-36
1.493e-38
8.94601e-41
4.2379e-43
1.36688e-45
2.99077e-48
4.98545e-51
6.33557e-54
6.0509e-57
3.46755e-59
6.18441e-59
1.09177e-58
1.28897e-58
1.05878e-58
4.53757e-59
6.13306e-60
1.53549e-34
1.24451e-33
2.47642e-34
1.68494e-35
2.4041e-37
2.25321e-39
1.46393e-41
7.19163e-44
2.76726e-46
7.356e-49
1.52361e-51
2.49568e-54
4.3503e-57
9.58908e-58
2.2624e-57
4.55026e-57
6.78652e-57
7.00686e-57
3.47587e-57
5.24723e-58
3.13217e-35
2.39576e-34
5.30387e-35
4.37708e-36
8.92958e-38
9.09128e-40
5.88161e-42
3.09818e-44
1.39505e-46
5.00178e-49
1.7097e-51
1.16048e-53
1.91484e-55
2.66018e-56
6.50235e-56
1.47739e-55
2.61937e-55
3.367e-55
1.98984e-55
3.67994e-56
6.65698e-36
6.18804e-35
1.45967e-35
1.6529e-36
7.30865e-38
1.68083e-39
3.13918e-41
4.2098e-43
4.48981e-45
2.46832e-47
1.52053e-49
1.83156e-51
3.6701e-53
1.51701e-54
1.22269e-54
3.60468e-54
7.27275e-54
1.0695e-53
7.90221e-54
1.52475e-54
1.24984e-36
1.41282e-35
4.28105e-36
7.1824e-37
7.67812e-38
5.02303e-39
2.13759e-40
7.56017e-42
3.2657e-43
6.35895e-45
3.5003e-47
4.50477e-49
7.99567e-51
1.86218e-52
2.21936e-53
6.09289e-53
1.50148e-52
2.489e-52
2.37466e-52
6.346e-53
1.64001e-37
3.01668e-36
1.19959e-36
2.86629e-37
5.46241e-38
7.46504e-39
6.52935e-40
4.69022e-41
2.57073e-42
2.1109e-43
7.38121e-45
1.1938e-46
1.66027e-48
4.31297e-50
1.1469e-51
6.20717e-52
2.31547e-51
4.66034e-51
5.40094e-51
2.11307e-51
9.06945e-39
4.40699e-37
2.82094e-37
9.29876e-38
2.49368e-38
5.49887e-39
1.02779e-39
1.34655e-40
1.32908e-41
1.13681e-42
1.1411e-43
1.03253e-44
4.55233e-46
9.65721e-48
1.84012e-49
9.83192e-51
2.33707e-50
6.66209e-50
9.89416e-50
5.8247e-50
4.71181e-40
3.5307e-38
4.65177e-38
2.32925e-38
7.67296e-39
2.216e-39
6.16951e-40
1.53428e-40
2.35991e-41
3.41024e-42
4.39693e-43
4.29001e-44
6.41934e-45
5.89874e-46
3.05553e-47
9.89828e-49
1.27149e-49
7.72172e-49
1.50121e-48
1.41064e-48
2.23793e-41
1.12094e-39
4.3544e-39
4.11844e-39
2.06263e-39
6.63543e-40
2.35554e-40
7.37026e-41
1.95035e-41
4.86147e-42
8.75421e-43
1.45478e-43
2.08728e-44
4.51366e-45
6.63439e-46
5.02428e-47
3.46377e-48
6.12381e-48
2.37386e-47
4.52475e-47
7.05375e-43
3.81602e-41
1.52227e-40
3.11269e-40
3.18107e-40
1.82565e-40
7.67535e-41
2.74424e-41
7.9357e-42
2.74249e-42
8.07486e-43
2.12378e-43
5.7163e-44
8.51346e-45
2.07577e-45
2.55026e-46
3.51395e-47
1.51011e-47
1.21995e-45
7.64677e-45
3.56542e-45
3.84194e-43
4.09491e-42
1.13544e-41
1.66166e-41
1.46198e-41
1.07867e-41
6.64797e-42
2.97929e-42
1.23114e-42
4.22118e-43
1.19022e-43
3.68338e-44
8.46838e-45
1.94623e-45
4.1702e-46
6.37765e-47
2.03837e-45
7.0721e-43
1.7193e-41
3.79448e-48
3.04537e-46
4.96953e-45
1.08526e-43
4.84975e-43
7.5045e-43
7.55653e-43
6.42585e-43
4.23715e-43
2.27493e-43
1.17779e-43
5.28524e-44
1.8963e-44
4.81464e-45
1.06937e-45
2.74428e-46
2.53006e-45
1.19119e-42
4.005e-40
3.95814e-38
7.34827e-49
3.26082e-48
1.33252e-47
1.30411e-46
7.53645e-46
1.71256e-45
1.85649e-44
5.57836e-44
6.23234e-44
4.92397e-44
2.96829e-44
1.38022e-44
5.23959e-45
1.59136e-45
3.6798e-46
3.23271e-45
1.5157e-42
8.39901e-40
3.30699e-37
7.79157e-35
2.86616e-49
1.68613e-48
7.10929e-48
2.76783e-47
8.44666e-47
1.21629e-46
1.08664e-46
1.36347e-45
3.3565e-45
5.79653e-45
7.27121e-45
4.5314e-45
2.02743e-45
6.26017e-46
2.79894e-45
1.69528e-42
9.30612e-40
6.17982e-37
2.91411e-34
1.20084e-31
9.58802e-50
9.44791e-49
5.47151e-48
2.64444e-47
1.00998e-46
2.32623e-46
1.89039e-46
6.87064e-47
1.65513e-46
4.34479e-46
1.04032e-45
1.09997e-45
6.15101e-46
1.77726e-45
9.5148e-43
7.33652e-40
4.7194e-37
3.14481e-34
2.20826e-31
1.29958e-28
9.36449e-50
1.52134e-48
9.25799e-48
3.96161e-47
1.36232e-46
3.1909e-46
3.43367e-46
1.01849e-46
3.07403e-47
5.68038e-47
1.09418e-46
1.4557e-46
1.37163e-45
5.78742e-43
3.99878e-40
2.76193e-37
2.07018e-34
1.55833e-31
1.23997e-28
8.92662e-26
3.26661e-49
5.01712e-48
3.15582e-47
1.22078e-46
2.90326e-46
5.44514e-46
7.94355e-46
4.83591e-46
9.11275e-47
2.59595e-47
3.04093e-47
7.38406e-46
2.78547e-43
1.40482e-40
8.43903e-38
5.96667e-35
5.15834e-32
4.8631e-29
5.36417e-26
3.66494e-23
1.07188e-48
1.57074e-47
1.09443e-46
4.20578e-46
9.80247e-46
1.64686e-45
2.14822e-45
1.53055e-45
5.58521e-46
4.70882e-46
2.58665e-45
8.16156e-44
2.46369e-41
1.63469e-38
1.31724e-35
1.17105e-32
1.03228e-29
9.61913e-27
1.05713e-23
8.59198e-21
2.87588e-48
3.84342e-47
2.74829e-46
1.18504e-45
3.09718e-45
5.06843e-45
7.02073e-45
8.00375e-45
2.57265e-44
1.82933e-43
1.68346e-42
2.93259e-41
1.75945e-39
3.91489e-37
2.07066e-34
1.63045e-31
1.62012e-28
1.63512e-25
2.06641e-22
1.48965e-19
4.57665e-48
5.63418e-47
3.98912e-46
2.02161e-45
8.89116e-45
4.41439e-44
2.41262e-43
8.13565e-43
6.02874e-42
6.2239e-41
8.1506e-40
1.67659e-38
8.61277e-37
8.79447e-35
1.81624e-32
7.33206e-30
4.91632e-27
4.42561e-24
4.01677e-21
2.43822e-18
5.73009e-48
6.86373e-47
5.21988e-46
4.31357e-45
6.35374e-44
1.03245e-42
1.36714e-41
1.2723e-40
1.08968e-39
1.35054e-38
2.57551e-37
6.13663e-36
3.70528e-34
4.08255e-32
7.0121e-30
1.85461e-27
7.70268e-25
4.56161e-22
2.74122e-19
8.78672e-17
6.65181e-48
7.91388e-47
9.36748e-46
2.36583e-44
7.83598e-43
2.25839e-41
4.71538e-40
8.32773e-39
1.14416e-37
1.48134e-36
3.83638e-35
1.23374e-33
7.17762e-32
9.71228e-30
1.82763e-27
4.67052e-25
1.63652e-22
6.30542e-20
2.00779e-17
2.04899e-15
9.85429e-48
1.12889e-46
1.09517e-45
2.09437e-44
5.44705e-43
1.37277e-41
3.34046e-40
8.0211e-39
1.99631e-37
4.13445e-36
7.30594e-35
1.52509e-33
8.48355e-32
1.07233e-29
1.67763e-27
3.3064e-25
8.29035e-23
2.14247e-20
4.02749e-18
3.12771e-16
1.40322e-49
1.40775e-48
7.78707e-48
5.48895e-47
6.86874e-46
1.54602e-44
4.16943e-43
1.24022e-41
4.65445e-40
1.05817e-38
2.13474e-37
7.98613e-36
7.3354e-34
1.42908e-31
2.89071e-29
4.78987e-27
5.97276e-25
2.43447e-22
9.70627e-21
1.55625e-18
)
;

boundaryField
{
    outlet
    {
        type            inletOutlet;
        inletValue      uniform 0;
        value           nonuniform List<scalar> 
20
(
1.40322e-49
1.40775e-48
7.78707e-48
5.48895e-47
6.86874e-46
1.54602e-44
4.16943e-43
0
0
1.05817e-38
0
0
0
1.42908e-31
0
0
0
2.43447e-22
9.70627e-21
0
)
;
    }
    inlet
    {
        type            inletOutlet;
        inletValue      uniform 0;
        value           uniform 0;
    }
    wall
    {
        type            fixedValue;
        value           uniform 0;
    }
    interface
    {
        type            fixedValue;
        value           nonuniform List<scalar> 
200
(
0
0
0
0
0
0
0
0
0
0
0
0
0
0
0
0
0
0
0
0
0
0
0
0
0
0
0
0
0
0
0
0
0
0
0
0
0
0
0
0
0
0
0.462311
0.462388
0.462423
0.462445
0.462461
0.462473
0.462483
0.462491
0.462498
0.462504
0.46251
0.462514
0.462519
0.462522
0.462526
0.462529
0.462532
0.462535
0.462538
0.46254
0.462543
0.462545
0.462547
0.462549
0.462551
0.462553
0.462554
0.462556
0.462557
0.462559
0.46256
0.462562
0.462563
0.462564
0.462566
0.462567
0.462568
0.462569
0.46257
0.462571
0.462572
0.462573
0.462574
0.462575
0.462576
0.462577
0
0
0
0
0
0
0
0
0
0
0
0
0
0
0
0
0
0
0
0
0
0
0
0
0
0
0
0
0
0
0
0
0
0
0
0
0
0
0
0
0
0
0
0
0
0
0
0
0
0
0
0
0
0
0
0
0
0
0
0
0
0
0
0
0
0
0
0
0
0
0
0
0
0
0
0
0
0
0
0
0
0
0
0
0
0
0
0
0
0
0
0
0
0
0
0
0
0
0
0
0
0
0
0
0
0
0
0
0
0
0
0
)
;
    }
    frontAndback
    {
        type            empty;
    }
}


// ************************************************************************* //
