/*--------------------------------*- C++ -*----------------------------------*\
| =========                 |                                                 |
| \\      /  F ield         | OpenFOAM: The Open Source CFD Toolbox           |
|  \\    /   O peration     | Version:  dev                                   |
|   \\  /    A nd           | Web:      www.OpenFOAM.org                      |
|    \\/     M anipulation  |                                                 |
\*---------------------------------------------------------------------------*/
FoamFile
{
    version     2.0;
    format      ascii;
    class       volScalarField;
    location    "100";
    object      CO2;
}
// * * * * * * * * * * * * * * * * * * * * * * * * * * * * * * * * * * * * * //

dimensions      [0 0 0 0 0 0 0];

internalField   nonuniform List<scalar> 
4000
(
5.80749e-25
1.61265e-24
2.4856e-24
3.11873e-24
3.38905e-24
3.31215e-24
2.93923e-24
2.38426e-24
1.77775e-24
1.22178e-24
7.79297e-25
4.62758e-25
2.57394e-25
1.33012e-25
6.52963e-26
3.01936e-26
1.33207e-26
5.7334e-27
2.38375e-27
7.45005e-28
2.24672e-24
6.1106e-24
9.25348e-24
1.14793e-23
1.23763e-23
1.20241e-23
1.06034e-23
8.54266e-24
6.32907e-24
4.32774e-24
2.74198e-24
1.62162e-24
8.96478e-25
4.61719e-25
2.26021e-25
1.04366e-25
4.60499e-26
1.98637e-26
8.28776e-27
2.61442e-27
5.4025e-24
1.45109e-23
2.16114e-23
2.60972e-23
2.76044e-23
2.64207e-23
2.29776e-23
1.82771e-23
1.33745e-23
9.04356e-24
5.67638e-24
3.32511e-24
1.82137e-24
9.3226e-25
4.53627e-25
2.08628e-25
9.20743e-26
3.96942e-26
1.66574e-26
5.25337e-27
1.16043e-23
3.10236e-23
4.49016e-23
5.25653e-23
5.41525e-23
5.06322e-23
4.311e-23
3.363e-23
2.41829e-23
1.60958e-23
9.95556e-24
5.75102e-24
3.10944e-24
1.57654e-24
7.59717e-25
3.47627e-25
1.53249e-25
6.58751e-26
2.77014e-26
8.6475e-27
2.38301e-23
6.35497e-23
8.96668e-23
1.01653e-22
1.01513e-22
9.20511e-23
7.62819e-23
5.80315e-23
4.07838e-23
2.65732e-23
1.61161e-23
9.14292e-24
4.86087e-24
2.43217e-24
1.1576e-24
5.25266e-25
2.30549e-25
9.86453e-26
4.13409e-26
1.26637e-26
4.80001e-23
1.27656e-22
1.76634e-22
1.9435e-22
1.87712e-22
1.64285e-22
1.31712e-22
9.72474e-23
6.64513e-23
4.21761e-23
2.49604e-23
1.38373e-23
7.20643e-24
3.54435e-24
1.66071e-24
7.44104e-25
3.24094e-25
1.37549e-25
5.71201e-26
1.70201e-26
9.62745e-23
2.5525e-22
3.46958e-22
3.71559e-22
3.46691e-22
2.92441e-22
2.25937e-22
1.61197e-22
1.0664e-22
6.56166e-23
3.7707e-23
2.03216e-23
1.03267e-23
4.9663e-24
2.28126e-24
1.00542e-24
4.32546e-25
1.81226e-25
7.41597e-26
2.13433e-26
1.93881e-22
5.11377e-22
6.84979e-22
7.15039e-22
6.44849e-22
5.23621e-22
3.89267e-22
2.6743e-22
1.70476e-22
1.01245e-22
5.62328e-23
2.93211e-23
1.44552e-23
6.76518e-24
3.03323e-24
1.30902e-24
5.53535e-25
2.27798e-25
9.11871e-26
2.53019e-26
3.94546e-22
1.0343e-21
1.36457e-21
1.39002e-21
1.21389e-21
9.49212e-22
6.78266e-22
4.47446e-22
2.73976e-22
1.56301e-22
8.34561e-23
4.19468e-23
1.99408e-23
9.03551e-24
3.93223e-24
1.65348e-24
6.83232e-25
2.7484e-25
1.06815e-25
2.8498e-26
8.14892e-22
2.1209e-21
2.75508e-21
2.73976e-21
2.31909e-21
1.74744e-21
1.1992e-21
7.58229e-22
4.44713e-22
2.42933e-22
1.24254e-22
5.98398e-23
2.73072e-23
1.19049e-23
4.99964e-24
2.03804e-24
8.17347e-25
3.19653e-25
1.19721e-25
3.06257e-26
1.71421e-21
4.42474e-21
5.65537e-21
5.49242e-21
4.50672e-21
3.2744e-21
2.1576e-21
1.30664e-21
7.32646e-22
3.8217e-22
1.86555e-22
8.56536e-23
3.73309e-23
1.55545e-23
6.26596e-24
2.45957e-24
9.51378e-25
3.59701e-25
1.28982e-25
3.14585e-26
3.68147e-21
9.41406e-21
1.18298e-20
1.12172e-20
8.92665e-21
6.25529e-21
3.95901e-21
2.29497e-21
1.22872e-21
6.1076e-22
2.83442e-22
1.23669e-22
5.1151e-23
2.02522e-23
7.77798e-24
2.91756e-24
1.08175e-24
3.93013e-25
1.34208e-25
3.10623e-26
8.09399e-21
2.04712e-20
2.52664e-20
2.3376e-20
1.80474e-20
1.21969e-20
7.41274e-21
4.1126e-21
2.10067e-21
9.93039e-22
4.37413e-22
1.80636e-22
7.05858e-23
2.64078e-23
9.59595e-24
3.41502e-24
1.20615e-24
4.18638e-25
1.35561e-25
2.97481e-26
1.82593e-20
4.56436e-20
5.52368e-20
4.98011e-20
3.72595e-20
2.42906e-20
1.41718e-20
7.52352e-21
3.66504e-21
1.6468e-21
6.86741e-22
2.67708e-22
9.84329e-23
3.46125e-23
1.18145e-23
3.96293e-24
1.32481e-24
4.36776e-25
1.33736e-25
2.78284e-26
4.22937e-20
1.04356e-19
1.23662e-19
1.08474e-19
7.85707e-20
4.93643e-20
2.76742e-20
1.40518e-20
6.52603e-21
2.78516e-21
1.09825e-21
4.03188e-22
1.39075e-22
4.57387e-23
1.45779e-23
4.58041e-24
1.44032e-24
4.48715e-25
1.29693e-25
2.56145e-26
1.00858e-19
2.4506e-19
2.83916e-19
2.4197e-19
1.69445e-19
1.02592e-19
5.51723e-20
2.67979e-20
1.18596e-20
4.80462e-21
1.79005e-21
6.18214e-22
1.99502e-22
6.1126e-23
1.8108e-23
5.30144e-24
1.55876e-24
4.56708e-25
1.24483e-25
2.33135e-26
2.47851e-19
5.92239e-19
6.69347e-19
5.53134e-19
3.74025e-19
2.17868e-19
1.12366e-19
5.21712e-20
2.1992e-20
8.45095e-21
2.97372e-21
9.64314e-22
2.90873e-22
8.27973e-23
2.27513e-23
6.17826e-24
1.69035e-24
4.63338e-25
1.18856e-25
2.11464e-26
6.2879e-19
1.47561e-18
1.62299e-18
1.29772e-18
8.45786e-19
4.73337e-19
2.33867e-19
1.03678e-19
4.15634e-20
1.51315e-20
5.02838e-21
1.53016e-21
4.31212e-22
1.1404e-22
2.90245e-23
7.29053e-24
1.84876e-24
4.72071e-25
1.13692e-25
1.92091e-26
1.6508e-18
3.79747e-18
4.05396e-18
3.12922e-18
1.96116e-18
1.05222e-18
4.97235e-19
2.1011e-19
8.00258e-20
2.75893e-20
8.63847e-21
2.46948e-21
6.49683e-22
1.59936e-22
3.77204e-23
8.761e-24
2.05509e-24
4.87145e-25
1.0988e-25
1.76338e-26
4.49006e-18
1.00963e-17
1.04395e-17
7.76279e-18
4.66769e-18
2.39663e-18
1.08036e-18
4.33966e-19
1.56772e-19
5.1162e-20
1.50837e-20
4.04705e-21
9.96076e-22
2.28665e-22
5.01285e-23
1.07811e-23
2.33387e-24
5.13062e-25
1.08175e-25
1.65207e-26
1.26932e-17
2.77805e-17
2.77347e-17
1.98024e-17
1.13977e-17
5.58356e-18
2.39743e-18
9.1519e-19
3.12985e-19
9.63888e-20
2.6759e-20
6.73955e-21
1.55425e-21
3.33868e-22
6.8252e-23
1.36148e-23
2.72998e-24
5.55797e-25
1.09426e-25
1.59132e-26
3.72717e-17
7.92798e-17
7.61434e-17
5.20238e-17
2.8576e-17
1.33246e-17
5.43459e-18
1.96713e-18
6.36122e-19
1.8468e-19
4.82567e-20
1.14162e-20
2.47153e-21
4.98304e-22
9.53407e-23
1.7744e-23
3.30751e-24
6.25571e-25
1.15306e-25
1.60092e-26
1.13814e-16
2.34417e-16
2.15814e-16
1.40815e-16
7.35742e-17
3.26031e-17
1.26092e-17
4.31161e-18
1.31766e-18
3.5976e-19
8.84303e-20
1.96736e-20
4.01245e-21
7.61283e-22
1.36833e-22
2.39223e-23
4.17454e-24
7.37969e-25
1.28043e-25
1.70641e-26
3.62553e-16
7.20389e-16
6.33608e-16
3.92715e-16
1.94808e-16
8.18404e-17
2.99329e-17
9.65762e-18
2.78032e-18
7.14489e-19
1.65045e-19
3.4607e-20
6.65341e-21
1.19196e-21
2.02544e-22
3.34958e-23
5.5162e-24
9.19681e-25
1.516e-25
1.9558e-26
1.20839e-15
2.30222e-15
1.92636e-15
1.1303e-15
5.30026e-16
2.10315e-16
7.26377e-17
2.21145e-17
5.9897e-18
1.44691e-18
3.14394e-19
6.21179e-20
1.12966e-20
1.91932e-21
3.10152e-22
4.88835e-23
7.66671e-24
1.21891e-24
1.93339e-25
2.44025e-26
4.22464e-15
7.66783e-15
6.0703e-15
3.35862e-15
1.48387e-15
5.54517e-16
1.80344e-16
5.17402e-17
1.31716e-17
2.99455e-18
6.13201e-19
1.14406e-19
1.97183e-20
3.18861e-21
4.9316e-22
7.45577e-23
1.12558e-23
1.7289e-24
2.6723e-25
3.33298e-26
1.55474e-14
2.66684e-14
1.98602e-14
1.03214e-14
4.28217e-15
1.50258e-15
4.58866e-16
1.23793e-16
2.96644e-17
6.34964e-18
1.22652e-18
2.16789e-19
3.55474e-20
5.50378e-21
8.1908e-22
1.19672e-22
1.75532e-23
2.63761e-24
4.0152e-25
5.00078e-26
6.05295e-14
9.71789e-14
6.76327e-14
3.28431e-14
1.27417e-14
4.18794e-15
1.19833e-15
3.03566e-16
6.83831e-17
1.37964e-17
2.52253e-18
4.23882e-19
6.65742e-20
9.92856e-21
1.42984e-21
2.0339e-22
2.92322e-23
4.34041e-24
6.55754e-25
8.16246e-26
2.5061e-13
3.72392e-13
2.40484e-13
1.085e-13
3.92014e-14
1.20389e-14
3.22721e-15
7.64553e-16
1.62079e-16
3.0875e-17
5.3624e-18
8.61041e-19
1.30065e-19
1.87796e-20
2.63755e-21
3.68322e-22
5.224e-23
7.67861e-24
1.155e-24
1.42851e-25
1.10884e-12
1.50618e-12
8.95896e-13
3.73505e-13
1.25203e-13
3.57285e-14
8.95926e-15
1.98803e-15
3.96498e-16
7.16233e-17
1.18677e-17
1.83067e-18
2.67533e-19
3.76143e-20
5.18132e-21
7.13499e-22
1.00144e-22
1.45482e-23
2.16626e-24
2.65436e-25
5.2628e-12
6.45073e-12
3.50764e-12
1.34478e-12
4.1689e-13
1.10508e-13
2.58333e-14
5.36845e-15
1.00784e-15
1.73245e-16
2.74989e-17
4.09781e-18
5.82071e-19
8.01498e-20
1.08878e-20
1.48005e-21
2.05132e-22
2.92985e-23
4.28298e-24
5.15349e-25
2.68496e-11
2.93301e-11
1.44739e-11
5.08067e-12
1.45366e-12
3.57685e-13
7.77925e-14
1.51641e-14
2.6854e-15
4.4018e-16
6.72128e-17
9.71404e-18
1.34775e-18
1.82293e-19
2.43925e-20
3.27135e-21
4.46001e-22
6.22673e-23
8.8565e-24
1.03252e-24
1.47451e-10
1.41872e-10
6.31697e-11
2.02311e-11
5.31479e-12
1.21643e-12
2.4665e-13
4.51822e-14
7.5785e-15
1.18585e-15
1.74893e-16
2.45575e-17
3.33287e-18
4.42442e-19
5.81565e-20
7.6409e-21
1.01736e-21
1.37935e-22
1.88977e-23
2.12152e-24
8.73982e-10
7.31932e-10
2.92388e-10
8.53343e-11
2.06434e-11
4.38585e-12
8.31289e-13
1.43443e-13
2.28597e-14
3.41782e-15
4.86824e-16
6.63621e-17
8.79569e-18
1.13995e-18
1.46234e-19
1.87164e-20
2.41234e-21
3.14885e-22
4.11166e-23
4.4176e-24
5.6071e-09
4.05067e-09
1.44465e-09
3.83975e-10
8.55498e-11
1.68902e-11
3.001e-12
4.89175e-13
7.41835e-14
1.06087e-14
1.45208e-15
1.91585e-16
2.46028e-17
3.08997e-18
3.83678e-19
4.74039e-20
5.84946e-21
7.2859e-22
9.03047e-23
9.2675e-24
3.90321e-08
2.41117e-08
7.68036e-09
1.84568e-09
3.81463e-10
6.99547e-11
1.1683e-11
1.80067e-12
2.59517e-13
3.54032e-14
4.62201e-15
5.84222e-16
7.20465e-17
8.68911e-18
1.0351e-18
1.2213e-19
1.4334e-20
1.69481e-21
1.98286e-22
1.94469e-23
2.98539e-07
1.57696e-07
4.43377e-08
9.70152e-09
1.84776e-09
3.15086e-10
4.92733e-11
7.14976e-12
9.73476e-13
1.25722e-13
1.55435e-14
1.85989e-15
2.17697e-16
2.49443e-17
2.81608e-18
3.15249e-19
3.5134e-20
3.92491e-21
4.33975e-22
4.02937e-23
2.53437e-06
1.14197e-06
2.82811e-07
5.60561e-08
9.78657e-09
1.54329e-09
2.24106e-10
3.03252e-11
3.85974e-12
4.66762e-13
5.4081e-14
6.06235e-15
6.64868e-16
7.17024e-17
7.63898e-18
8.06284e-19
8.51482e-20
8.97954e-21
9.34387e-22
8.2675e-23
2.47039e-05
9.52231e-06
2.04081e-06
3.60751e-07
5.66442e-08
8.1681e-09
1.08387e-09
1.34664e-10
1.57955e-11
1.76618e-12
1.89679e-13
1.97463e-14
2.0118e-15
2.02757e-16
2.02664e-17
2.01813e-18
2.01359e-19
2.00626e-20
1.97567e-21
1.66127e-22
0.000287022
9.36451e-05
1.66638e-05
2.55161e-06
3.5354e-07
4.52871e-08
5.40799e-09
6.05329e-10
6.44327e-11
6.58363e-12
6.49506e-13
6.24302e-14
5.89317e-15
5.52729e-16
5.1842e-17
4.87257e-18
4.60146e-19
4.34792e-20
4.06082e-21
3.24232e-22
0.00394607
0.00115331
0.000161149
1.97873e-05
2.29395e-06
2.52526e-07
2.62972e-08
2.60842e-09
2.48979e-10
2.30892e-11
2.08535e-12
1.84989e-13
1.62265e-14
1.42643e-15
1.26241e-16
1.12515e-17
1.00938e-18
9.06624e-20
8.04514e-21
6.15356e-22
0.0407775
0.0128101
0.00157028
0.000151309
1.41107e-05
1.28081e-06
1.13219e-07
9.89646e-09
8.45257e-10
7.14117e-11
5.95328e-12
4.92477e-13
4.06218e-14
3.37929e-15
2.87095e-16
2.45385e-17
2.1264e-18
1.82267e-19
1.53966e-20
1.12874e-21
0.101645
0.0583446
0.00883097
0.000788094
6.30588e-05
4.67628e-06
3.57414e-07
2.80431e-08
2.22904e-09
1.77519e-10
1.41363e-11
1.12569e-12
8.98647e-14
7.32265e-15
6.2465e-16
5.1583e-17
4.31173e-18
3.49345e-19
2.82387e-20
1.99297e-21
0.100041
0.132733
0.0222208
0.0020061
0.000155823
1.31765e-05
1.11038e-06
9.12652e-08
7.01037e-09
5.33108e-10
4.06375e-11
3.0937e-12
2.35899e-13
1.89247e-14
1.43796e-15
1.13432e-16
8.73925e-18
6.72026e-19
5.11703e-20
3.40773e-21
0.0949824
0.150599
0.0346917
0.00342528
0.000282588
2.3275e-05
1.97561e-06
1.67333e-07
1.43006e-08
1.17362e-09
9.29048e-11
7.17205e-12
5.42775e-13
3.94451e-14
2.82379e-15
2.11537e-16
1.56397e-17
1.17423e-18
8.59391e-20
5.534e-21
0.0901998
0.1504
0.0524853
0.00590519
0.000490658
4.04894e-05
3.40627e-06
2.8463e-07
2.33225e-08
1.89701e-09
1.51231e-10
1.18465e-11
9.06125e-13
6.63691e-14
4.9537e-15
3.55879e-16
2.57879e-17
1.84426e-18
1.32991e-19
8.43883e-21
0.0867659
0.14925
0.0679048
0.00953766
0.000850796
7.09076e-05
5.96129e-06
4.92411e-07
3.97502e-08
3.16816e-09
2.46886e-10
1.8951e-11
1.42572e-12
1.04823e-13
7.66192e-15
5.35731e-16
3.80426e-17
2.7651e-18
1.99485e-19
1.27082e-20
0.0839473
0.147418
0.0823808
0.0133245
0.00127264
0.000112707
9.961e-06
8.51526e-07
6.92462e-08
5.48781e-09
4.21566e-10
3.17242e-11
2.34019e-12
1.69617e-13
1.23356e-14
8.89821e-16
6.33798e-17
4.63823e-18
3.26101e-19
1.97714e-20
0.0815316
0.14581
0.0966225
0.0181373
0.00192586
0.000175073
1.57664e-05
1.38758e-06
1.16677e-07
9.39223e-09
7.27344e-10
5.41991e-11
3.92897e-12
2.80662e-13
1.98832e-14
1.49342e-15
1.07498e-16
7.3547e-18
4.94317e-19
2.89513e-20
0.0795151
0.144411
0.109568
0.0225545
0.00247571
0.000235636
2.22285e-05
2.0211e-06
1.74918e-07
1.44588e-08
1.15124e-09
8.76343e-11
6.42971e-12
4.58463e-13
3.1933e-14
2.2604e-15
1.56723e-16
1.05725e-17
7.17139e-19
4.14608e-20
0.0776972
0.143108
0.122387
0.0283858
0.00346253
0.000338336
3.1836e-05
2.91139e-06
2.55435e-07
2.13859e-08
1.72511e-09
1.32777e-10
9.83221e-12
7.04453e-13
5.05426e-14
3.41732e-15
2.31691e-16
1.56184e-17
1.0079e-18
5.65053e-20
0.0761481
0.141995
0.134045
0.0331687
0.00417206
0.000419876
4.11621e-05
3.88798e-06
3.48383e-07
2.96123e-08
2.42053e-09
1.88304e-10
1.40631e-11
1.01214e-12
7.11923e-14
4.69228e-15
3.11418e-16
2.08926e-17
1.34202e-18
7.41871e-20
0.0746964
0.140909
0.144808
0.0393996
0.00549713
0.000574609
5.62278e-05
5.29189e-06
4.75275e-07
4.05762e-08
3.32549e-09
2.5934e-10
1.93989e-11
1.39515e-12
9.67323e-14
6.71119e-15
4.44115e-16
2.84526e-17
1.75976e-18
9.55529e-20
0.073359
0.1401
0.156383
0.0450316
0.00645817
0.000685979
6.90665e-05
6.70139e-06
6.14816e-07
5.31814e-08
4.37415e-09
3.44734e-10
2.58451e-11
1.85707e-12
1.27102e-13
8.65431e-15
5.72544e-16
3.60528e-17
2.22994e-18
1.19434e-19
0.072056
0.139173
0.164681
0.0511666
0.00802033
0.000888659
9.06217e-05
8.81145e-06
8.08471e-07
6.99647e-08
5.7491e-09
4.5259e-10
3.38358e-11
2.42047e-12
1.66348e-13
1.11155e-14
7.08742e-16
4.45835e-17
2.67812e-18
1.40485e-19
0.0707396
0.137797
0.165293
0.055898
0.00930306
0.00106613
0.000110811
1.08869e-05
1.00651e-06
8.75214e-08
7.20333e-09
5.66562e-10
4.22295e-11
3.00755e-12
2.07783e-13
1.37316e-14
8.87526e-16
5.50292e-17
3.26227e-18
1.67098e-19
0.0694954
0.136371
0.16513
0.0605109
0.0107691
0.001288
0.00013554
1.34008e-05
1.24584e-06
1.0875e-07
8.96172e-09
7.04092e-10
5.22843e-11
3.69903e-12
2.48908e-13
1.62232e-14
1.03224e-15
6.36444e-17
3.72236e-18
1.88435e-19
0.0683675
0.134951
0.164705
0.0648227
0.0123249
0.00153466
0.000163159
1.62208e-05
1.51581e-06
1.32729e-07
1.09442e-08
8.58279e-10
6.34602e-11
4.46023e-12
2.99328e-13
1.95154e-14
1.227e-15
7.40022e-17
4.27792e-18
2.1388e-19
0.0673387
0.13349
0.164114
0.0692403
0.0139925
0.0018086
0.000194014
1.93745e-05
1.81773e-06
1.5947e-07
1.31441e-08
1.02794e-09
7.562e-11
5.27658e-12
3.515e-13
2.25393e-14
1.38996e-15
8.2914e-17
4.70486e-18
2.33069e-19
0.0663758
0.131966
0.163501
0.0740294
0.0157971
0.00211231
0.000227917
2.28315e-05
2.14976e-06
1.88844e-07
1.55479e-08
1.21156e-09
8.86046e-11
6.1336e-12
4.04827e-13
2.5543e-14
1.54891e-15
9.14327e-17
5.11979e-18
2.4841e-19
0.0654249
0.130349
0.162854
0.0791419
0.0177815
0.00245552
0.000265575
2.66426e-05
2.51471e-06
2.20914e-07
1.81432e-08
1.40652e-09
1.02184e-10
7.01339e-12
4.58102e-13
2.85962e-14
1.71303e-15
9.93774e-17
5.4747e-18
2.61929e-19
0.0645203
0.128616
0.162151
0.0846983
0.0200451
0.00284397
0.000306375
3.07188e-05
2.90514e-06
2.55142e-07
2.08924e-08
1.61055e-09
1.16144e-10
7.90199e-12
5.10327e-13
3.12949e-14
1.86025e-15
1.06756e-16
5.81333e-18
2.73475e-19
0.0636574
0.126897
0.161392
0.090773
0.0225152
0.0032856
0.000350834
3.51299e-05
3.3276e-06
2.91812e-07
2.37889e-08
1.82129e-09
1.30111e-10
8.76658e-12
5.59727e-13
3.40397e-14
1.98024e-15
1.11468e-16
6.01272e-18
2.80485e-19
0.062751
0.125124
0.160576
0.0971425
0.0253998
0.00380082
0.000397247
3.96967e-05
3.7672e-06
3.29772e-07
2.67544e-08
2.02871e-09
1.43965e-10
9.58215e-12
6.03692e-13
3.6139e-14
2.07128e-15
1.14992e-16
6.09643e-18
2.81289e-19
0.0619543
0.123427
0.159743
0.103873
0.0287962
0.00433467
0.000443944
4.4526e-05
4.23647e-06
3.69629e-07
2.97849e-08
2.23331e-09
1.57231e-10
1.03286e-11
6.41833e-13
3.7813e-14
2.15223e-15
1.17242e-16
6.15236e-18
2.79782e-19
0.0612287
0.122013
0.158858
0.111166
0.0324068
0.00493072
0.000493692
4.95324e-05
4.71403e-06
4.09492e-07
3.27714e-08
2.43574e-09
1.69783e-10
1.10243e-11
6.75875e-13
3.9375e-14
2.19522e-15
1.1781e-16
6.09798e-18
2.71481e-19
0.0604064
0.120597
0.15802
0.117941
0.0361412
0.00553121
0.000543583
5.478e-05
5.22777e-06
4.51838e-07
3.58615e-08
2.63762e-09
1.8156e-10
1.16205e-11
7.01027e-13
4.01221e-14
2.19873e-15
1.1683e-16
5.95495e-18
2.62176e-19
0.0598068
0.119916
0.157269
0.124123
0.0402678
0.00596488
0.000605346
5.91847e-05
5.65467e-06
4.86541e-07
3.83219e-08
2.78984e-09
1.8969e-10
1.19737e-11
7.1231e-13
4.01109e-14
2.16796e-15
1.1282e-16
5.65743e-18
2.45977e-19
0.0596866
0.120111
0.156652
0.130075
0.0441452
0.00618522
0.0006507
6.36356e-05
6.01521e-06
5.13859e-07
4.01766e-08
2.89826e-09
1.94982e-10
1.21527e-11
7.13446e-13
3.96639e-14
2.11445e-15
1.08414e-16
5.34988e-18
2.29502e-19
0.0598061
0.120512
0.156555
0.13276
0.0461313
0.00620408
0.000670437
6.73266e-05
6.36265e-06
5.42236e-07
4.21547e-08
3.01295e-09
2.00649e-10
1.23613e-11
7.16188e-13
3.92568e-14
2.05376e-15
1.03497e-16
5.02305e-18
2.10433e-19
0.0601559
0.121322
0.15659
0.132531
0.0462465
0.00609784
0.000663977
7.03023e-05
6.86056e-06
5.90986e-07
4.58399e-08
3.23989e-09
2.12793e-10
1.2897e-11
7.33788e-13
3.95568e-14
2.03021e-15
1.00707e-16
4.7614e-18
1.95211e-19
0.0608703
0.122596
0.156764
0.131021
0.0456208
0.0057306
0.000639841
7.5807e-05
7.75802e-06
6.84041e-07
5.30112e-08
3.67851e-09
2.36489e-10
1.40355e-11
7.81299e-13
4.12626e-14
2.05804e-15
9.95612e-17
4.56679e-18
1.82379e-19
0.0621999
0.124722
0.157194
0.127114
0.0435464
0.0050696
0.000639937
8.58001e-05
9.41961e-06
8.66789e-07
6.7393e-08
4.55389e-09
2.82717e-10
1.62427e-11
8.73998e-13
4.44254e-14
2.14775e-15
1.00305e-16
4.42256e-18
1.71067e-19
0.0633415
0.127076
0.15803
0.119605
0.0388748
0.00436469
0.000687946
0.000105364
1.26603e-05
1.23837e-06
9.7204e-08
6.35303e-09
3.74007e-10
2.03678e-11
1.04907e-12
5.09248e-14
2.4012e-15
1.06474e-16
4.46194e-18
1.67087e-19
0.064602
0.128592
0.158599
0.111568
0.0324749
0.00383308
0.00080821
0.00013802
1.77902e-05
1.86932e-06
1.51093e-07
9.72211e-09
5.41528e-10
2.75759e-11
1.33693e-12
6.22474e-14
2.73382e-15
1.16078e-16
4.678e-18
1.68034e-19
0.0662549
0.130989
0.15924
0.101089
0.0254962
0.00366352
0.00106085
0.000195094
2.61353e-05
2.93769e-06
2.47289e-07
1.59548e-08
8.5039e-10
4.03362e-11
1.81237e-12
7.80813e-14
3.28433e-15
1.33528e-16
5.11426e-18
1.77219e-19
0.0667697
0.133092
0.160596
0.0892218
0.0208339
0.00392345
0.00154557
0.000292369
4.02937e-05
4.91312e-06
4.31892e-07
2.8234e-08
1.44783e-09
6.42102e-11
2.63532e-12
1.04853e-13
4.08621e-15
1.5764e-16
5.85519e-18
1.94371e-19
0.0664117
0.13296
0.161169
0.0847561
0.019921
0.00484768
0.00227219
0.00045143
6.1227e-05
8.00292e-06
7.38903e-07
4.98002e-08
2.52465e-09
1.07399e-10
4.05697e-12
1.47851e-13
5.4198e-15
1.96733e-16
6.96063e-18
2.25772e-19
0.0654934
0.13132
0.161518
0.0861153
0.0210117
0.00692001
0.00387146
0.0007639
9.40663e-05
1.2501e-05
1.18617e-06
8.15936e-08
4.11777e-09
1.70234e-10
6.05678e-12
2.05535e-13
7.09225e-15
2.46243e-16
8.54429e-18
2.71234e-19
0.0641827
0.127219
0.161186
0.0941261
0.0262578
0.0114813
0.00663051
0.00128461
0.000155711
2.02502e-05
1.95778e-06
1.35469e-07
6.7352e-09
2.683e-10
9.00312e-12
2.85327e-13
9.23635e-15
3.0447e-16
1.04233e-17
3.35941e-19
0.0622215
0.120842
0.159153
0.106747
0.0367496
0.0183555
0.0108996
0.00209431
0.000253241
3.11e-05
3.05632e-06
2.11414e-07
1.04097e-08
4.02674e-10
1.2873e-11
3.84709e-13
1.16796e-14
3.9337e-16
1.3975e-17
4.5429e-19
0.0598462
0.113013
0.154212
0.144739
0.0629058
0.0289598
0.0166351
0.00322248
0.000403199
4.63194e-05
4.3558e-06
2.95381e-07
1.42918e-08
5.36696e-10
1.65796e-11
4.79733e-13
1.48134e-14
5.0845e-16
1.92219e-17
6.81841e-19
0.0564061
0.105447
0.146404
0.162548
0.0849839
0.0383513
0.0227928
0.00440038
0.000588723
6.87971e-05
5.74828e-06
3.74138e-07
1.74808e-08
6.31073e-10
1.89425e-11
5.4726e-13
1.81663e-14
7.1495e-16
3.40781e-17
1.54253e-18
0.0519024
0.0978447
0.138175
0.162944
0.120528
0.0608305
0.0302329
0.00508931
0.00071566
9.14734e-05
6.9952e-06
4.29232e-07
1.89719e-08
6.59451e-10
1.99141e-11
6.22193e-13
2.37435e-14
1.48011e-15
1.07428e-16
6.46749e-18
0.0482416
0.0924014
0.131473
0.16116
0.153027
0.0956618
0.0329563
0.00496195
0.000745855
0.000104342
8.01185e-06
4.44562e-07
1.89714e-08
6.60938e-10
2.14405e-11
8.27848e-13
4.85017e-14
5.4989e-15
5.31833e-16
3.83964e-17
0.0466746
0.0912359
0.127872
0.156951
0.168793
0.110181
0.0301226
0.00425094
0.000714714
0.000107156
8.05725e-06
4.36204e-07
1.86376e-08
6.82236e-10
2.65652e-11
1.58896e-12
1.65516e-13
2.31879e-14
3.19499e-15
2.42185e-16
0.0466945
0.0918709
0.127584
0.155344
0.170883
0.110106
0.0241617
0.00336239
0.000657323
0.000102951
7.56268e-06
4.2002e-07
1.91028e-08
8.42128e-10
5.06016e-11
5.30042e-12
8.0547e-13
1.34553e-13
1.73299e-14
1.60529e-15
0.0477574
0.093187
0.128646
0.155778
0.171557
0.106499
0.0177081
0.00263305
0.000604261
9.28614e-05
6.89905e-06
4.22765e-07
2.36881e-08
1.63877e-09
1.66241e-10
2.40922e-11
4.21945e-12
7.63039e-13
1.04969e-13
9.63619e-15
0.054645
0.0945389
0.129963
0.156924
0.171728
0.0998644
0.0129352
0.00214443
0.000554181
7.93655e-05
6.66049e-06
4.87095e-07
4.45866e-08
5.34474e-09
7.66895e-10
1.24084e-10
2.23533e-11
4.15994e-12
6.23468e-13
5.8927e-14
0.0679974
0.0975776
0.131773
0.158323
0.17024
0.0896041
0.00923018
0.00183212
0.000503978
6.82319e-05
6.84005e-06
7.61224e-07
1.25674e-07
2.25758e-08
3.98446e-09
6.77412e-10
1.20184e-10
2.21994e-11
3.64629e-12
3.51153e-13
0.0793424
0.101364
0.135043
0.159376
0.158662
0.0718027
0.0064261
0.00160924
0.000440105
6.3795e-05
8.15846e-06
1.63375e-06
4.22779e-07
9.94307e-08
2.04395e-08
3.63377e-09
6.28767e-10
1.09768e-10
1.84464e-11
1.87714e-12
0.089264
0.104798
0.139121
0.160802
0.140794
0.0500965
0.00450434
0.00144451
0.000382023
6.40193e-05
1.24679e-05
4.12119e-06
1.43626e-06
4.13603e-07
9.66042e-08
1.81386e-08
3.11058e-09
5.06686e-10
8.3082e-11
9.37847e-12
0.0983563
0.108421
0.142814
0.16241
0.120941
0.0314138
0.00334974
0.00128713
0.000345778
7.01171e-05
2.33296e-05
1.07694e-05
4.60378e-06
1.5616e-06
4.08172e-07
8.26919e-08
1.4637e-08
2.34332e-09
3.82192e-10
4.31959e-11
0.107091
0.114853
0.149012
0.165584
0.0979556
0.0189064
0.00282611
0.00114819
0.000335883
9.30781e-05
4.83461e-05
2.76629e-05
1.37155e-05
5.35983e-06
1.58603e-06
3.57773e-07
6.65115e-08
1.03688e-08
1.50493e-09
1.76284e-10
0.114758
0.123465
0.154849
0.166146
0.0765455
0.0117525
0.00255496
0.00106079
0.000350341
0.000152022
0.000103982
6.8436e-05
3.81114e-05
1.68578e-05
5.63668e-06
1.38984e-06
2.72648e-07
4.19917e-08
5.77681e-09
5.876e-10
0.120945
0.129315
0.156397
0.155937
0.0571017
0.00790365
0.0023762
0.00104682
0.000423959
0.000279788
0.000223168
0.000160563
9.80377e-05
4.79329e-05
1.78227e-05
4.75232e-06
9.72892e-07
1.52406e-07
2.0915e-08
2.15358e-09
0.126408
0.134782
0.157787
0.130111
0.0415485
0.00593439
0.00231926
0.00110748
0.000635667
0.000552432
0.000477095
0.000356265
0.000232929
0.0001235
5.01625e-05
1.44429e-05
2.9679e-06
5.03178e-07
6.96315e-08
7.26253e-09
0.131464
0.139874
0.159204
0.109913
0.0302355
0.00497353
0.00235711
0.00134503
0.00108829
0.00105082
0.000948578
0.000759306
0.000529006
0.000298332
0.000129175
3.89714e-05
8.04771e-06
1.51016e-06
2.09691e-07
2.22501e-08
0.135872
0.144376
0.160292
0.092235
0.0220022
0.00466845
0.00258963
0.00199123
0.00196518
0.00198208
0.00184874
0.00150943
0.00107659
0.000637144
0.000292583
8.70629e-05
1.93724e-05
4.01425e-06
5.89434e-07
6.30221e-08
0.140144
0.149235
0.163143
0.075305
0.0163716
0.00469834
0.00319438
0.00294916
0.00311079
0.00331063
0.00326542
0.00274522
0.00202745
0.00124454
0.000589581
0.000158356
4.17733e-05
9.95258e-06
1.55387e-06
1.73545e-07
0.144403
0.15397
0.162559
0.062913
0.0131496
0.00495238
0.00442605
0.00456356
0.00489875
0.00531261
0.00528166
0.00446797
0.0032767
0.00210626
0.00108088
0.000281486
8.27835e-05
2.27386e-05
3.7496e-06
4.4407e-07
0.147945
0.15689
0.155448
0.054347
0.0119505
0.00572363
0.0059865
0.00641152
0.00756846
0.0083372
0.00781505
0.00672092
0.00537067
0.00367554
0.00199696
0.0004836
0.000163474
4.79259e-05
8.30882e-06
1.0483e-06
0.150733
0.158752
0.140188
0.0471222
0.0118418
0.00739042
0.00794129
0.00895287
0.0105945
0.011234
0.0113441
0.0108161
0.00883976
0.00612951
0.00349818
0.000863243
0.000315049
9.51781e-05
1.72158e-05
2.32039e-06
0.153372
0.159765
0.128588
0.0415584
0.012029
0.00912783
0.00990044
0.0116545
0.0129663
0.0152748
0.0175129
0.0168545
0.0139072
0.0097943
0.00585463
0.00160138
0.000592831
0.000178189
3.35257e-05
4.83354e-06
0.155433
0.161617
0.118813
0.0386506
0.0127938
0.0110612
0.0123013
0.0135693
0.0168385
0.0215932
0.0249243
0.0247127
0.0208685
0.0151432
0.00945017
0.00289339
0.00104382
0.000315256
6.18719e-05
9.59261e-06
0.157063
0.163548
0.112947
0.0381444
0.0146292
0.0127005
0.0138449
0.0165813
0.0217898
0.0281975
0.033298
0.0338972
0.0301832
0.0226676
0.0144273
0.00522814
0.00174634
0.000530589
0.00010871
1.81876e-05
0.159962
0.164397
0.112892
0.0390963
0.0158492
0.0141029
0.0164118
0.0198665
0.0252483
0.0327582
0.0399835
0.0438285
0.0418624
0.0329477
0.0208733
0.00898699
0.00284526
0.000856644
0.000183253
3.33542e-05
0.160633
0.165491
0.11593
0.0412321
0.0176522
0.0169186
0.0195388
0.0223327
0.026991
0.035148
0.0451557
0.0531985
0.0545816
0.0460259
0.0302013
0.0139846
0.00447235
0.00132664
0.000294655
5.86568e-05
0.162047
0.166129
0.11985
0.0462794
0.0215451
0.020236
0.0223134
0.0243809
0.0280574
0.036072
0.0477053
0.0595969
0.0661358
0.0607086
0.0425569
0.0208399
0.0068014
0.00198619
0.000453618
9.83677e-05
0.162994
0.166457
0.127936
0.0557071
0.0266751
0.0237576
0.0253921
0.0270531
0.0291134
0.0353963
0.046858
0.0613369
0.074442
0.0750558
0.0573525
0.0299938
0.00995336
0.00285953
0.000668176
0.000158161
0.163491
0.166788
0.153222
0.0760493
0.0356874
0.0291188
0.0297792
0.0311989
0.0311315
0.0340868
0.0434243
0.0584731
0.0779921
0.0872305
0.0733966
0.041649
0.0140413
0.00394776
0.000934221
0.000241846
0.163867
0.166834
0.166018
0.0976372
0.0530319
0.0392042
0.0365002
0.0375807
0.0356041
0.0339199
0.0395464
0.0526878
0.0768475
0.0960068
0.0889052
0.0554898
0.0191847
0.00528518
0.00125511
0.000350567
0.165296
0.166742
0.169119
0.143506
0.0882396
0.0580458
0.0478068
0.0468997
0.0438408
0.036521
0.0370674
0.0465981
0.0721496
0.101135
0.1024
0.0708018
0.0252589
0.00684964
0.00163359
0.000490831
0.16598
0.166404
0.169033
0.165098
0.127368
0.0880057
0.0665476
0.060479
0.0561236
0.0431366
0.0369917
0.0424513
0.0657369
0.102793
0.113016
0.0866117
0.0319442
0.00850108
0.00202876
0.000657679
0.166476
0.166057
0.16811
0.169253
0.162331
0.126555
0.0938093
0.0796478
0.0726321
0.0542583
0.0400239
0.041495
0.060038
0.101676
0.120254
0.100519
0.0389824
0.0102163
0.0024361
0.000838849
0.166499
0.165184
0.166038
0.168619
0.169261
0.159236
0.127796
0.104164
0.0933262
0.0693426
0.0456397
0.0427607
0.056954
0.0990325
0.124587
0.11108
0.0450473
0.0116755
0.00280225
0.00102651
0.166582
0.163144
0.163062
0.166018
0.169098
0.169376
0.158095
0.132495
0.116957
0.0864353
0.053122
0.0462441
0.0568997
0.0970697
0.127442
0.117652
0.0493459
0.0126626
0.00303494
0.00117184
0.167579
0.162506
0.159575
0.162402
0.166707
0.169735
0.1698
0.158718
0.140682
0.106033
0.0644437
0.0530565
0.060897
0.0975334
0.130646
0.121594
0.0513087
0.0130259
0.00310707
0.00125721
0.169537
0.162866
0.15617
0.158046
0.162018
0.167653
0.170591
0.170678
0.160052
0.130284
0.079294
0.0631356
0.0690231
0.10225
0.134997
0.124083
0.0498225
0.0125085
0.00297928
0.00127245
0.171324
0.163565
0.155235
0.153652
0.157655
0.163166
0.168989
0.171785
0.171679
0.147448
0.0940748
0.0757061
0.0810553
0.111664
0.140428
0.124615
0.0448359
0.011129
0.00265449
0.0012095
0.159419
0.164512
0.155469
0.152238
0.154273
0.158858
0.165006
0.170666
0.17295
0.165618
0.12359
0.0964659
0.0994104
0.125298
0.14634
0.121025
0.0371247
0.00920168
0.00221814
0.0011022
0.147107
0.167042
0.157645
0.151289
0.151284
0.155122
0.160952
0.167488
0.17221
0.172539
0.142448
0.117186
0.119809
0.141409
0.151809
0.108858
0.0285247
0.00711237
0.00175541
0.000977538
0.145297
0.16826
0.159798
0.151265
0.149366
0.152174
0.157205
0.163817
0.169965
0.172834
0.166295
0.143222
0.142895
0.1569
0.156251
0.086576
0.0206284
0.00523646
0.00135881
0.000863782
0.148098
0.168905
0.161749
0.152345
0.148791
0.14985
0.153895
0.160149
0.16648
0.171778
0.172605
0.164725
0.163914
0.169541
0.15504
0.0592935
0.0137607
0.00373743
0.00105445
0.000767935
0.154886
0.168779
0.162591
0.153926
0.148869
0.148353
0.151253
0.156703
0.162924
0.168933
0.17232
0.172905
0.17337
0.174864
0.136679
0.036671
0.00898741
0.00269759
0.00084414
0.000685024
0.165321
0.167675
0.162083
0.155188
0.14912
0.14759
0.149353
0.153721
0.159567
0.165586
0.170376
0.172627
0.172978
0.173303
0.098637
0.0221509
0.00586662
0.00202494
0.000706245
0.000606354
0.171012
0.165361
0.159571
0.154687
0.149051
0.146879
0.14769
0.150945
0.155967
0.161352
0.165452
0.168919
0.171518
0.159385
0.0541342
0.0124533
0.00400094
0.00162758
0.000611906
0.000525658
0.169845
0.162911
0.156165
0.152388
0.148507
0.146395
0.146544
0.148874
0.152873
0.1574
0.161338
0.166097
0.171714
0.117533
0.026442
0.00793171
0.00312229
0.00139323
0.000538616
0.000451594
0.168632
0.160978
0.153767
0.150052
0.14771
0.146185
0.146332
0.148344
0.151817
0.156041
0.160717
0.166529
0.168769
0.0574898
0.015846
0.00618175
0.00270929
0.00123016
0.000476343
0.000388806
0.168032
0.159909
0.152539
0.148948
0.147212
0.146311
0.146583
0.148658
0.152072
0.156422
0.16185
0.169284
0.113431
0.0316095
0.0123965
0.00549265
0.00242662
0.00108419
0.000417912
0.00033059
0.168126
0.159775
0.152289
0.148749
0.147252
0.146613
0.147153
0.149351
0.152829
0.157701
0.164289
0.172045
0.0647712
0.0257657
0.0117419
0.00514597
0.00219706
0.0009569
0.000365847
0.000279645
0.168835
0.16033
0.152642
0.149045
0.147621
0.147205
0.148202
0.150755
0.154663
0.160623
0.16742
0.144198
0.0543645
0.0259969
0.011503
0.00472165
0.0019346
0.000827906
0.00031592
0.000237067
0.1701
0.161698
0.153672
0.15002
0.148839
0.148821
0.150392
0.154034
0.159723
0.166903
0.17237
0.110765
0.0566627
0.0266972
0.0105393
0.00401592
0.00162096
0.000703485
0.000273682
0.00020532
0.170998
0.163049
0.15462
0.151058
0.150329
0.151322
0.153937
0.158135
0.164249
0.169958
0.170391
0.111942
0.0622591
0.0251749
0.00889564
0.00331102
0.0013644
0.000612595
0.000245589
0.000182869
0.161105
0.164021
0.15572
0.151882
0.151182
0.152044
0.154937
0.159434
0.165857
0.171613
0.165705
0.124668
0.0608966
0.0212141
0.00714254
0.00266716
0.00114827
0.000540601
0.000224364
0.000162959
0.146354
0.166154
0.158226
0.153709
0.152999
0.154542
0.157668
0.162676
0.168557
0.172786
0.165902
0.124217
0.0482913
0.0150121
0.00503949
0.00203072
0.000963313
0.000481027
0.000205176
0.000142578
0.138046
0.16859
0.160771
0.155571
0.15443
0.156241
0.160313
0.164876
0.169501
0.173533
0.163725
0.102942
0.0313619
0.00951987
0.00346788
0.00158923
0.000830597
0.000430632
0.000185962
0.000120163
0.134316
0.16982
0.162711
0.157261
0.155536
0.157498
0.16135
0.165819
0.17056
0.174371
0.15016
0.0575924
0.0164305
0.00559134
0.00244833
0.0013087
0.00073336
0.000384864
0.00016598
9.54443e-05
0.132596
0.170372
0.164202
0.158966
0.157339
0.159157
0.162748
0.167258
0.171963
0.169751
0.0993995
0.0286767
0.0091425
0.00370883
0.00194048
0.00114689
0.000662766
0.000342097
0.000141336
6.87154e-05
0.131761
0.170922
0.165444
0.16083
0.159971
0.160973
0.164552
0.169312
0.173711
0.140639
0.0490203
0.0149498
0.00562946
0.00278192
0.00167542
0.00103814
0.000593839
0.000291245
0.000111552
4.57575e-05
0.131069
0.171414
0.166613
0.1627
0.161849
0.162961
0.166729
0.171639
0.165905
0.0805794
0.0248094
0.00864188
0.00394343
0.00231371
0.00149597
0.000936944
0.000523476
0.000238923
8.26958e-05
2.83321e-05
0.129399
0.171718
0.167277
0.164056
0.163397
0.165196
0.169379
0.173544
0.126099
0.0422353
0.0138493
0.00568676
0.00312462
0.00204296
0.0013733
0.000849177
0.000438243
0.000175037
5.22846e-05
1.46067e-05
0.124467
0.172654
0.168688
0.165756
0.165291
0.167668
0.171945
0.164661
0.0763385
0.0236385
0.00867542
0.00424806
0.00269863
0.00188825
0.00126937
0.00072107
0.000321996
0.000108746
2.7667e-05
6.51926e-06
0.118274
0.173594
0.170381
0.167748
0.167614
0.170615
0.173523
0.127153
0.0438422
0.0142399
0.00602952
0.00349351
0.00247141
0.00174638
0.00107716
0.00053294
0.000204398
6.00211e-05
1.38101e-05
3.32254e-06
0.111935
0.170822
0.171601
0.169243
0.17005
0.172951
0.165971
0.082476
0.0256519
0.00920754
0.00461562
0.00311799
0.00230271
0.00150971
0.000820892
0.000355307
0.000122102
3.43184e-05
8.38232e-06
2.28105e-06
0.105947
0.162742
0.172942
0.171575
0.172497
0.17404
0.137292
0.0489017
0.0153801
0.00641627
0.00390338
0.00289121
0.00200457
0.00117368
0.000572728
0.000233026
8.14295e-05
2.35863e-05
5.89754e-06
1.84888e-06
0.10058
0.155253
0.174037
0.173732
0.174241
0.16534
0.0905784
0.0275566
0.00963607
0.00497742
0.00354578
0.00254441
0.00159436
0.000863316
0.000418671
0.00017724
6.05193e-05
1.80452e-05
5.29981e-06
1.77787e-06
0.0945991
0.149747
0.174863
0.17492
0.171556
0.135515
0.0509234
0.0156549
0.00666764
0.00430987
0.00314193
0.00208301
0.0012464
0.000697338
0.000338563
0.000134018
4.67099e-05
1.55156e-05
4.88556e-06
1.55119e-06
0.0874973
0.143686
0.171131
0.172563
0.155419
0.0876862
0.0270948
0.00961499
0.00528788
0.00380051
0.00264096
0.00171809
0.00105743
0.000557059
0.00025122
0.000104316
3.9686e-05
1.39873e-05
4.52467e-06
1.30686e-06
0.078989
0.133173
0.159287
0.157166
0.11954
0.0485661
0.0150584
0.00677586
0.00451593
0.00326111
0.00226564
0.0014888
0.000827248
0.000421576
0.00020478
9.13941e-05
3.66224e-05
1.32793e-05
4.19205e-06
1.08186e-06
0.0697292
0.118758
0.136484
0.124285
0.0779817
0.0257444
0.00937958
0.00541197
0.00391318
0.00286121
0.00198467
0.00118953
0.000664831
0.000365459
0.000189701
8.7784e-05
3.56527e-05
1.25991e-05
3.79921e-06
8.90036e-07
0.0609232
0.103684
0.113795
0.09526
0.0451629
0.014605
0.00676324
0.00463135
0.00344868
0.0025848
0.00161213
0.00102805
0.000611828
0.000356807
0.000192006
8.83237e-05
3.43287e-05
1.17124e-05
3.42889e-06
7.31598e-07
0.0531511
0.0893444
0.0928501
0.0674764
0.0259571
0.00938302
0.00549928
0.00409993
0.00313025
0.0021993
0.00147401
0.000955917
0.000612282
0.000368717
0.000192662
8.55801e-05
3.20952e-05
1.07235e-05
3.14636e-06
6.24675e-07
0.0463564
0.0758998
0.0742916
0.0434668
0.0157349
0.00691485
0.00481484
0.00378873
0.00283892
0.00193796
0.00139029
0.000947879
0.000629016
0.000374057
0.000191642
8.26583e-05
3.13985e-05
1.04624e-05
2.98008e-06
5.40292e-07
0.0404862
0.0634841
0.0585579
0.0270141
0.010292
0.00571109
0.00445587
0.00352791
0.00251559
0.00186999
0.00136815
0.000981566
0.000650099
0.000377797
0.000190881
8.32129e-05
3.03961e-05
1.01767e-05
2.79678e-06
4.89349e-07
0.0354882
0.0529343
0.0455889
0.0174954
0.00756543
0.00515228
0.00422392
0.00322995
0.00240876
0.00186457
0.00141015
0.00102185
0.000667276
0.00039192
0.000197427
8.19538e-05
3.00303e-05
1.00794e-05
2.65498e-06
4.60324e-07
0.0309914
0.0438142
0.0340009
0.0121026
0.00624087
0.00493489
0.00396381
0.00306732
0.00242217
0.00191659
0.00150057
0.0010903
0.000708797
0.000400704
0.00019698
8.22533e-05
3.00584e-05
9.9263e-06
2.57993e-06
4.49496e-07
0.0269699
0.0350855
0.0240781
0.00890188
0.00569872
0.00471663
0.0037787
0.00305889
0.00248295
0.00204429
0.00159622
0.00112045
0.000717954
0.00040692
0.000198043
8.27227e-05
3.02705e-05
9.96561e-06
2.59462e-06
4.56639e-07
0.023847
0.0272871
0.0170563
0.00723337
0.0054908
0.00451339
0.00374687
0.00312658
0.00261476
0.00217121
0.00165738
0.00116428
0.000737649
0.000414446
0.0002008
8.37868e-05
3.08518e-05
1.02285e-05
2.6514e-06
4.70641e-07
0.0216446
0.0220544
0.0129701
0.0065538
0.00528097
0.00446216
0.00379441
0.00324316
0.00281612
0.00228737
0.00172071
0.00120411
0.000761076
0.000427197
0.0002073
8.69184e-05
3.21419e-05
1.07402e-05
2.77098e-06
4.89478e-07
0.019789
0.0192257
0.0106232
0.00635479
0.00519986
0.00449673
0.00392473
0.00347465
0.00302212
0.0024425
0.00183169
0.00128008
0.000813793
0.000462084
0.000226608
9.51996e-05
3.46703e-05
1.14897e-05
2.92597e-06
5.1743e-07
0.0178475
0.0169484
0.00898002
0.00619705
0.00521773
0.00460574
0.00413614
0.00380252
0.00325412
0.00263349
0.00199671
0.00140527
0.000900318
0.000513825
0.000252187
0.000105344
3.80876e-05
1.25211e-05
3.1097e-06
5.51912e-07
0.0160321
0.0144174
0.00795449
0.00605811
0.005311
0.00479259
0.00457957
0.00415889
0.00356044
0.00288793
0.00220025
0.00155895
0.00100601
0.000575988
0.000282501
0.000116733
4.17773e-05
1.39456e-05
3.55163e-06
5.95456e-07
0.0147301
0.0121526
0.00766227
0.00601823
0.00546343
0.00525003
0.00499323
0.00448475
0.00383729
0.0031206
0.0023922
0.00170629
0.00111179
0.00064196
0.000316207
0.000129506
4.55357e-05
1.53151e-05
4.15081e-06
6.52924e-07
0.0140917
0.0106574
0.00743465
0.00609972
0.00577645
0.00573483
0.00538175
0.00483037
0.00414442
0.00337918
0.00259608
0.00185546
0.00121452
0.000704865
0.000348461
0.000142287
4.92519e-05
1.66101e-05
4.74114e-06
7.21799e-07
0.0138365
0.00997074
0.00732713
0.00626711
0.00629568
0.00617792
0.00578803
0.0052134
0.00449145
0.00367388
0.00283579
0.00204601
0.00135326
0.000793354
0.000395325
0.000161246
5.49345e-05
1.85822e-05
5.34512e-06
8.28776e-07
0.0135598
0.00974534
0.00736752
0.00664333
0.00677352
0.00662464
0.00620881
0.00559316
0.00482591
0.00397109
0.00309628
0.0022612
0.00151608
0.000901773
0.000456198
0.000186841
6.19111e-05
2.07245e-05
6.16803e-06
9.71138e-07
0.0129679
0.00964294
0.0075167
0.00712842
0.00724499
0.00705436
0.00660645
0.00596129
0.00516989
0.00428864
0.00337426
0.00248725
0.00168924
0.00102815
0.000535802
0.000222189
7.00565e-05
2.27377e-05
7.24643e-06
1.15998e-06
0.0121314
0.00949205
0.00784852
0.00768817
0.00773989
0.00750224
0.00704923
0.00640129
0.00558797
0.00465733
0.00368185
0.0027358
0.0018846
0.00117424
0.000631233
0.000266285
8.0066e-05
2.5842e-05
8.61126e-06
1.42422e-06
0.0113733
0.00941625
0.00810107
0.0082277
0.00826796
0.0080352
0.00758131
0.0069247
0.00608096
0.0050996
0.00407111
0.00307175
0.0021587
0.00139056
0.000778575
0.000335023
9.09718e-05
2.85958e-05
9.97172e-06
1.77242e-06
0.0111762
0.00944987
0.00845535
0.00869632
0.00879229
0.00863566
0.00826637
0.00762363
0.00675496
0.00573309
0.00463173
0.0035376
0.00253451
0.00166904
0.000968104
0.000433757
0.000106782
3.10426e-05
1.15829e-05
2.25198e-06
0.0110472
0.00956373
0.00893671
0.00922344
0.0093695
0.00932174
0.00910531
0.00853454
0.00768914
0.00664192
0.00546379
0.00422993
0.00305275
0.00203402
0.00121956
0.000585931
0.000130488
3.17745e-05
1.31294e-05
2.90782e-06
0.0108556
0.00981574
0.00936223
0.00980142
0.0101383
0.0103297
0.0102094
0.00978392
0.00904639
0.00798861
0.00667298
0.00521601
0.00378072
0.00252718
0.00155052
0.00082333
0.000169901
3.73735e-05
1.51986e-05
3.81042e-06
0.0106245
0.00992134
0.00984864
0.0106155
0.0112832
0.0116553
0.0117201
0.0115401
0.0109617
0.00990509
0.00841578
0.00664609
0.00482704
0.00319885
0.00196739
0.00111698
0.000299133
5.50684e-05
1.82719e-05
5.08972e-06
0.0105657
0.0101211
0.0103955
0.0113585
0.012314
0.0130878
0.0138039
0.0140646
0.0136771
0.0126136
0.0109405
0.00880532
0.00646324
0.00423617
0.00241789
0.00142279
0.000615544
9.72013e-05
2.22049e-05
6.7889e-06
0.0105581
0.0104655
0.0110111
0.0122589
0.0135576
0.0150516
0.0168134
0.0175988
0.0173779
0.0162476
0.014384
0.0118675
0.00891086
0.00590115
0.00316131
0.00168045
0.00107767
0.000196291
2.87784e-05
9.04e-06
0.010568
0.0109285
0.0120004
0.0140073
0.0160955
0.0186048
0.0206034
0.0216442
0.0215942
0.0204746
0.0184952
0.0158727
0.0124666
0.00844171
0.00427176
0.00231301
0.00151034
0.000456691
4.29177e-05
1.14402e-05
0.0105789
0.0111172
0.0122924
0.0146776
0.0179775
0.0212811
0.0235011
0.024556
0.0247558
0.0241847
0.0226835
0.0200864
0.0165056
0.0122142
0.00608048
0.00347904
0.00181986
0.00100237
8.3564e-05
1.45537e-05
0.0106875
0.0112558
0.0124068
0.0147121
0.0181094
0.0217406
0.0242236
0.0255272
0.0260757
0.0259386
0.0250505
0.0233636
0.0210105
0.0176379
0.00913341
0.00504338
0.00271099
0.00156142
0.000180283
1.61992e-05
0.0110028
0.01154
0.0124188
0.0142691
0.0175063
0.0215938
0.0243446
0.0260958
0.0270705
0.02744
0.0271284
0.0261721
0.0244776
0.0214609
0.0163552
0.00756585
0.00390959
0.00231047
0.000424986
1.27546e-05
0.0131234
0.0126443
0.0128677
0.0139323
0.0160415
0.0203833
0.0238275
0.026141
0.0275031
0.0283813
0.0286423
0.0283014
0.027318
0.0253763
0.0223508
0.0131844
0.00585615
0.00302843
0.00109625
2.09858e-05
0.0261519
0.0155541
0.0144587
0.0144816
0.0155073
0.0174396
0.0215936
0.0249626
0.0272344
0.0284446
0.0292703
0.0295864
0.0293028
0.0282604
0.0260109
0.0216431
0.0102849
0.00428468
0.00202195
7.45026e-05
0.0429247
0.0253734
0.0180633
0.0167299
0.0164669
0.017246
0.0185699
0.0214776
0.0249929
0.0273763
0.0289241
0.0296499
0.0301124
0.0299911
0.0290938
0.0263974
0.0187282
0.00704069
0.00321873
0.000295928
0.0476275
0.0532817
0.0299374
0.0222904
0.0197363
0.0190943
0.0194481
0.0205639
0.0221994
0.0244952
0.0267449
0.028668
0.0296963
0.0302067
0.0303036
0.0298443
0.0264969
0.0126673
0.00459898
0.00100357
0.0471541
0.0677062
0.0629683
0.0414719
0.0307188
0.0246158
0.0232522
0.0230983
0.02353
0.0243915
0.0258694
0.0271688
0.0288845
0.0295894
0.030018
0.0305003
0.0302211
0.022674
0.00706538
0.00200389
0.0413987
0.0638494
0.0787145
0.0803149
0.0667997
0.0541072
0.0409313
0.0335178
0.0295493
0.028344
0.0281944
0.0283986
0.0289792
0.0295986
0.0298042
0.0302931
0.0307835
0.0293334
0.0138611
0.00319986
0.0275833
0.0471283
0.0664792
0.0831539
0.09035
0.0893123
0.0844482
0.0728779
0.0579157
0.0467516
0.0365095
0.0320934
0.0311321
0.0303949
0.0301195
0.0301602
0.0307148
0.0309408
0.0221147
0.00473519
0.0170974
0.0312915
0.0454762
0.0639214
0.0830959
0.0891204
0.0877932
0.0817561
0.0754814
0.0685736
0.061032
0.0457631
0.0361651
0.0327072
0.0307586
0.0303608
0.0306337
0.0314047
0.0276433
0.00800977
0.00932956
0.0177873
0.0278124
0.0456633
0.0716844
0.086125
0.0790675
0.0680424
0.0665863
0.0663965
0.064119
0.0587002
0.0469101
0.0368974
0.0317251
0.0305343
0.0305582
0.0315495
0.0301901
0.0142316
0.00849275
0.0160106
0.0202423
0.0269779
0.0516481
0.0848877
0.0786533
0.06066
0.0522779
0.0547925
0.0600793
0.0577287
0.0478368
0.0361415
0.0319717
0.0304646
0.0304498
0.0315953
0.0315949
0.0256723
0.00874709
0.0161385
0.0195522
0.0232316
0.0335549
0.0702952
0.0886225
0.062948
0.0493967
0.0458379
0.0483201
0.0500496
0.0421393
0.0347026
0.0313794
0.0301893
0.0303316
0.0316136
0.0325203
0.0457987
0.00937522
0.0172877
0.0201038
0.0229546
0.0307553
0.0521174
0.0901949
0.0782971
0.0534788
0.0448798
0.0416491
0.0390091
0.03678
0.0327489
0.0306731
0.0299691
0.030308
0.0316535
0.0332401
0.080133
0.0109865
0.0191791
0.0218393
0.0246946
0.0320927
0.0491378
0.082969
0.0931233
0.0676965
0.049938
0.0421243
0.037512
0.034637
0.0320052
0.0305934
0.0301642
0.0305967
0.0318703
0.0340382
0.14223
0.0123311
0.0200584
0.0236322
0.0295063
0.0412224
0.0570892
0.0802778
0.100548
0.0901938
0.0666303
0.050013
0.0412874
0.0365443
0.0335279
0.0318865
0.0312484
0.0314882
0.0325416
0.035299
0.258016
0.0128903
0.0205697
0.0254962
0.0373441
0.0573672
0.0736297
0.0904739
0.106688
0.108496
0.0908118
0.0678923
0.0523678
0.0440751
0.0392172
0.0363285
0.034767
0.0343261
0.0346111
0.0381607
0.442588
0.0130932
0.0207802
0.0262704
0.0406497
0.0694438
0.093829
0.104754
0.116274
0.119981
0.112611
0.0937195
0.0718817
0.0588618
0.0507791
0.0457075
0.0425145
0.0409329
0.040097
0.0441396
0.591868
0.0130846
0.0206189
0.0262992
0.0410993
0.0724516
0.103852
0.119098
0.127581
0.130125
0.128175
0.117486
0.0983332
0.0822831
0.0706789
0.0628435
0.056917
0.05332
0.0508042
0.0719624
2.54303
0.0126434
0.0200215
0.0255276
0.0372072
0.0607545
0.0953364
0.11929
0.130146
0.134482
0.13514
0.131886
0.121979
0.108919
0.0973935
0.0891785
0.0799295
0.0736853
0.0771221
0.847513
46.6155
0.0122715
0.0197666
0.0264181
0.0399388
0.0590586
0.0772963
0.0940983
0.106326
0.1155
0.120144
0.121601
0.121561
0.118664
0.11409
0.108241
0.100715
0.09576
0.095418
0.345472
9.20659
0.00905321
0.0129418
0.0139914
0.0148465
0.0162646
0.0185217
0.0205584
0.0227397
0.0254158
0.0276733
0.0274058
0.029664
0.0331449
0.0378153
0.0409525
0.0387727
0.032912
0.0353983
0.0348957
0.177549
)
;

boundaryField
{
    outlet
    {
        type            inletOutlet;
        inletValue      uniform 0;
        value           nonuniform List<scalar> 
20
(
0.00905321
0.0129418
0.0139914
0.0148465
0.0162646
0.0185217
0.0205584
0
0
0.0276733
0
0
0
0.0378153
0
0
0
0.0353983
0.0348957
0
)
;
    }
    inlet
    {
        type            inletOutlet;
        inletValue      uniform 0;
        value           uniform 0;
    }
    wall
    {
        type            fixedValue;
        value           uniform 0;
    }
    interface
    {
        type            fixedValue;
        value           uniform 0;
    }
    frontAndback
    {
        type            empty;
    }
}


// ************************************************************************* //
