/*--------------------------------*- C++ -*----------------------------------*\
| =========                 |                                                 |
| \\      /  F ield         | OpenFOAM: The Open Source CFD Toolbox           |
|  \\    /   O peration     | Version:  dev                                   |
|   \\  /    A nd           | Web:      www.OpenFOAM.org                      |
|    \\/     M anipulation  |                                                 |
\*---------------------------------------------------------------------------*/
FoamFile
{
    version     2.0;
    format      ascii;
    class       volScalarField;
    location    "100";
    object      H2O;
}
// * * * * * * * * * * * * * * * * * * * * * * * * * * * * * * * * * * * * * //

dimensions      [0 0 0 0 0 0 0];

internalField   nonuniform List<scalar> 
4000
(
2.71688e-25
7.54436e-25
1.16282e-24
1.45902e-24
1.58548e-24
1.5495e-24
1.37504e-24
1.11541e-24
8.31674e-25
5.71576e-25
3.64573e-25
2.16489e-25
1.20415e-25
6.22261e-26
3.05472e-26
1.41253e-26
6.23172e-27
2.68222e-27
1.11518e-27
3.48531e-28
1.05107e-24
2.85868e-24
4.329e-24
5.37029e-24
5.78992e-24
5.62517e-24
4.96052e-24
3.99646e-24
2.96089e-24
2.02462e-24
1.28276e-24
7.58632e-25
4.19394e-25
2.16003e-25
1.05738e-25
4.88248e-26
2.15432e-26
9.29269e-27
3.87721e-27
1.22309e-27
2.52742e-24
6.78853e-24
1.01103e-23
1.22089e-23
1.2914e-23
1.23602e-23
1.07494e-23
8.55045e-24
6.25691e-24
4.23079e-24
2.65554e-24
1.55557e-24
8.5208e-25
4.36133e-25
2.12217e-25
9.76011e-26
4.30745e-26
1.85699e-26
7.79272e-27
2.45765e-27
5.42874e-24
1.45136e-23
2.1006e-23
2.45913e-23
2.53338e-23
2.36869e-23
2.01679e-23
1.57329e-23
1.13133e-23
7.52998e-24
4.65745e-24
2.69046e-24
1.45467e-24
7.37541e-25
3.55414e-25
1.62628e-25
7.16934e-26
3.08179e-26
1.29594e-26
4.0455e-27
1.11483e-23
2.97301e-23
4.19482e-23
4.75558e-23
4.749e-23
4.30637e-23
3.56865e-23
2.71485e-23
1.90796e-23
1.24316e-23
7.53951e-24
4.27727e-24
2.27403e-24
1.13782e-24
5.41553e-25
2.45732e-25
1.07856e-25
4.61486e-26
1.93402e-26
5.92436e-27
2.24556e-23
5.97207e-23
8.26334e-23
9.09214e-23
8.7816e-23
7.68566e-23
6.16182e-23
4.54946e-23
3.10875e-23
1.9731e-23
1.16771e-23
6.47342e-24
3.37134e-24
1.65813e-24
7.76919e-25
3.48109e-25
1.51619e-25
6.43485e-26
2.67221e-26
7.9624e-27
4.50395e-23
1.19412e-22
1.62315e-22
1.73824e-22
1.6219e-22
1.36811e-22
1.05699e-22
7.54118e-23
4.98885e-23
3.0697e-23
1.76402e-23
9.50691e-24
4.83105e-24
2.32335e-24
1.06723e-24
4.7036e-25
2.02355e-25
8.47817e-26
3.46937e-26
9.9849e-27
9.07019e-23
2.39234e-22
3.20449e-22
3.34512e-22
3.01676e-22
2.44962e-22
1.82108e-22
1.2511e-22
7.97529e-23
4.73649e-23
2.6307e-23
1.37171e-23
6.76249e-24
3.16491e-24
1.41902e-24
6.12392e-25
2.58957e-25
1.06569e-25
4.26595e-26
1.18368e-26
1.84578e-22
4.83868e-22
6.38377e-22
6.50283e-22
5.67887e-22
4.44064e-22
3.17309e-22
2.09326e-22
1.28173e-22
7.31212e-23
3.90427e-23
1.96237e-23
9.32876e-24
4.22702e-24
1.83959e-24
7.73538e-25
3.19632e-25
1.28577e-25
4.99704e-26
1.3332e-26
3.81226e-22
9.92209e-22
1.28889e-21
1.28173e-21
1.08493e-21
8.17494e-22
5.61014e-22
3.54717e-22
2.08047e-22
1.1365e-22
5.81292e-23
2.79945e-23
1.27749e-23
5.56941e-24
2.33895e-24
9.53442e-25
3.82374e-25
1.49541e-25
5.60084e-26
1.43274e-26
8.01947e-22
2.07e-21
2.64571e-21
2.56948e-21
2.10835e-21
1.53184e-21
1.00937e-21
6.11278e-22
3.42749e-22
1.78788e-22
8.72748e-23
4.00708e-23
1.74643e-23
7.27678e-24
2.93136e-24
1.15064e-24
4.45077e-25
1.68277e-25
6.0341e-26
1.4717e-26
1.72228e-21
4.40412e-21
5.53427e-21
5.24769e-21
4.1761e-21
2.92637e-21
1.85212e-21
1.07364e-21
5.74825e-22
2.85728e-22
1.32601e-22
5.78555e-23
2.39296e-23
9.47448e-24
3.63872e-24
1.36491e-24
5.06069e-25
1.83861e-25
6.27857e-26
1.45317e-26
3.78656e-21
9.57691e-21
1.18202e-20
1.09358e-20
8.44301e-21
5.70601e-21
3.46785e-21
1.92397e-21
9.82744e-22
4.64567e-22
2.04632e-22
8.45059e-23
3.30217e-23
1.23542e-23
4.48921e-24
1.59763e-24
5.64265e-25
1.95849e-25
6.34185e-26
1.39168e-26
8.54213e-21
2.13531e-20
2.58411e-20
2.32981e-20
1.74309e-20
1.13637e-20
6.62989e-21
3.51968e-21
1.71459e-21
7.70411e-22
3.21274e-22
1.2524e-22
4.60492e-23
1.61925e-23
5.52712e-24
1.85395e-24
6.19775e-25
2.04334e-25
6.25646e-26
1.30188e-26
1.9786e-20
4.88202e-20
5.7852e-20
5.07468e-20
3.67572e-20
2.30938e-20
1.29467e-20
6.57375e-21
3.05303e-21
1.30296e-21
5.13787e-22
1.88621e-22
6.50625e-23
2.13976e-23
6.8199e-24
2.14282e-24
6.73816e-25
2.09919e-25
6.06732e-26
1.19831e-26
4.71836e-20
1.14645e-19
1.32823e-19
1.13199e-19
7.92705e-20
4.7995e-20
2.58109e-20
1.25367e-20
5.54819e-21
2.24772e-21
8.37427e-22
2.89215e-22
9.3332e-23
2.85962e-23
8.47136e-24
2.48014e-24
7.29225e-25
2.13659e-25
5.82359e-26
1.09066e-26
1.15951e-19
2.77064e-19
3.13136e-19
2.58769e-19
1.74978e-19
1.01924e-19
5.25676e-20
2.44069e-20
1.02884e-20
3.95355e-21
1.39117e-21
4.51129e-22
1.36077e-22
3.87345e-23
1.06436e-23
2.89033e-24
7.90785e-25
2.1676e-25
5.56038e-26
9.89276e-27
2.94163e-19
6.90327e-19
7.59272e-19
6.07103e-19
3.95679e-19
2.21438e-19
1.09409e-19
4.85032e-20
1.94443e-20
7.07887e-21
2.35239e-21
7.15843e-22
2.01731e-22
5.33507e-23
1.35784e-23
3.41068e-24
8.64891e-25
2.20846e-25
5.31877e-26
8.98648e-27
7.72282e-19
1.77655e-18
1.89654e-18
1.46392e-18
9.17475e-19
4.92252e-19
2.32618e-19
9.82945e-20
3.7438e-20
1.29069e-20
4.04128e-21
1.15528e-21
3.03937e-22
7.4822e-23
1.76465e-23
4.0986e-24
9.61419e-25
2.27898e-25
5.14044e-26
8.24948e-27
2.10056e-18
4.72327e-18
4.88383e-18
3.63162e-18
2.18365e-18
1.1212e-18
5.05417e-19
2.03019e-19
7.33418e-20
2.39348e-20
7.05653e-21
1.89331e-21
4.65988e-22
1.06975e-22
2.34513e-23
5.04366e-24
1.09184e-24
2.40023e-25
5.0607e-26
7.72876e-27
5.93819e-18
1.29964e-17
1.2975e-17
9.26401e-18
5.3321e-18
2.61212e-18
1.12158e-18
4.28147e-19
1.46422e-19
4.50929e-20
1.25185e-20
3.15292e-21
7.27117e-22
1.56192e-22
3.19299e-23
6.36931e-24
1.27715e-24
2.60015e-25
5.1192e-26
7.44456e-27
1.74366e-17
3.7089e-17
3.56217e-17
2.43379e-17
1.33685e-17
6.23355e-18
2.54243e-18
9.20271e-19
2.97593e-19
8.63975e-20
2.25756e-20
5.34077e-21
1.15624e-21
2.33118e-22
4.46026e-23
8.30107e-24
1.54733e-24
2.92657e-25
5.39427e-26
7.4895e-27
5.32449e-17
1.09666e-16
1.00963e-16
6.58764e-17
3.44197e-17
1.52525e-17
5.89886e-18
2.01707e-18
6.1643e-19
1.68304e-19
4.13698e-20
9.20379e-21
1.87712e-21
3.56146e-22
6.40138e-23
1.11914e-23
1.95295e-24
3.45239e-25
5.99014e-26
7.983e-27
1.69611e-16
3.37015e-16
2.96417e-16
1.83721e-16
9.11357e-17
3.82869e-17
1.40033e-17
4.51806e-18
1.3007e-18
3.34255e-19
7.72119e-20
1.619e-20
3.11262e-21
5.57626e-22
9.47548e-23
1.56701e-23
2.58061e-24
4.30248e-25
7.09221e-26
9.14968e-27
5.65312e-16
1.07703e-15
9.01195e-16
5.28783e-16
2.47959e-16
9.83903e-17
3.39816e-17
1.03457e-17
2.80213e-18
6.76897e-19
1.47081e-19
2.90602e-20
5.28482e-21
8.97904e-22
1.45097e-22
2.28689e-23
3.58667e-24
5.70237e-25
9.04487e-26
1.14161e-26
1.97639e-15
3.58719e-15
2.83983e-15
1.57124e-15
6.94187e-16
2.59416e-16
8.43693e-17
2.42053e-17
6.16199e-18
1.40092e-18
2.8687e-19
5.3522e-20
9.22467e-21
1.49171e-21
2.30712e-22
3.48799e-23
5.26575e-24
8.08819e-25
1.25017e-25
1.55925e-26
7.27343e-15
1.24761e-14
9.29109e-15
4.8286e-15
2.0033e-15
7.02944e-16
2.14669e-16
5.79133e-17
1.38777e-17
2.97051e-18
5.73793e-19
1.01419e-19
1.66299e-20
2.5748e-21
3.83185e-22
5.59854e-23
8.2118e-24
1.23393e-24
1.8784e-25
2.33948e-26
2.83171e-14
4.54626e-14
3.16402e-14
1.53648e-14
5.96088e-15
1.95922e-15
5.60607e-16
1.42015e-16
3.19912e-17
6.45429e-18
1.1801e-18
1.98302e-19
3.1145e-20
4.64481e-21
6.68915e-22
9.51507e-23
1.36755e-23
2.03055e-24
3.06777e-25
3.81859e-26
1.17241e-13
1.74214e-13
1.12504e-13
5.07588e-14
1.83393e-14
5.63208e-15
1.50977e-15
3.57676e-16
7.58243e-17
1.44441e-17
2.50866e-18
4.02815e-19
6.08477e-20
8.78553e-21
1.23391e-21
1.7231e-22
2.44391e-23
3.59223e-24
5.40337e-25
6.6829e-26
5.18744e-13
7.04626e-13
4.19121e-13
1.74734e-13
5.85727e-14
1.67146e-14
4.19135e-15
9.30047e-16
1.85491e-16
3.35071e-17
5.55197e-18
8.56429e-19
1.25158e-19
1.75969e-20
2.42394e-21
3.33792e-22
4.68497e-23
6.80601e-24
1.01343e-24
1.24177e-25
2.46206e-12
3.0178e-12
1.64096e-12
6.29118e-13
1.95031e-13
5.16982e-14
1.20854e-14
2.51149e-15
4.71492e-16
8.10481e-17
1.28647e-17
1.91705e-18
2.72307e-19
3.7496e-20
5.09357e-21
6.92401e-22
9.59656e-23
1.37065e-23
2.00368e-24
2.41092e-25
1.25609e-11
1.37213e-11
6.77122e-12
2.37685e-12
6.80058e-13
1.67333e-13
3.63932e-14
7.09412e-15
1.25629e-15
2.05927e-16
3.14437e-17
4.54446e-18
6.3051e-19
8.52808e-20
1.14114e-20
1.53042e-21
2.0865e-22
2.91301e-23
4.14328e-24
4.83035e-25
6.89809e-11
6.63712e-11
2.95523e-11
9.46458e-12
2.48638e-12
5.69075e-13
1.15389e-13
2.11373e-14
3.5454e-15
5.5477e-16
8.18191e-17
1.14886e-17
1.55919e-18
2.06985e-19
2.7207e-20
3.5746e-21
4.75943e-22
6.45293e-23
8.84081e-24
9.92495e-25
4.08869e-10
3.42415e-10
1.36786e-10
3.99214e-11
9.65745e-12
2.0518e-12
3.88896e-13
6.71058e-14
1.06943e-14
1.59894e-15
2.27748e-16
3.10458e-17
4.11483e-18
5.33296e-19
6.84119e-20
8.75597e-21
1.12855e-21
1.47311e-22
1.92353e-23
2.06666e-24
2.62313e-09
1.895e-09
6.75841e-10
1.79633e-10
4.00222e-11
7.90163e-12
1.40394e-12
2.28848e-13
3.47048e-14
4.96301e-15
6.79316e-16
8.96279e-17
1.15098e-17
1.44556e-18
1.79494e-19
2.21767e-20
2.73651e-21
3.40851e-22
4.22467e-23
4.33556e-24
1.82601e-08
1.128e-08
3.59305e-09
8.63454e-10
1.78457e-10
3.27264e-11
5.46559e-12
8.42395e-13
1.21408e-13
1.65625e-14
2.16229e-15
2.73313e-16
3.37051e-17
4.06497e-18
4.84243e-19
5.71351e-20
6.70579e-21
7.92873e-22
9.2763e-23
9.0977e-24
1.39664e-07
7.3774e-08
2.07422e-08
4.5386e-09
8.64426e-10
1.47405e-10
2.30512e-11
3.34483e-12
4.55415e-13
5.88158e-14
7.2716e-15
8.70098e-16
1.01844e-16
1.16695e-17
1.31743e-18
1.47481e-19
1.64365e-20
1.83616e-21
2.03024e-22
1.88504e-23
1.18564e-06
5.34241e-07
1.32306e-07
2.62244e-08
4.57839e-09
7.21986e-10
1.04842e-10
1.41868e-11
1.80568e-12
2.18362e-13
2.53004e-14
2.83611e-15
3.11041e-16
3.35441e-17
3.57369e-18
3.77198e-19
3.98343e-20
4.20084e-21
4.37128e-22
3.86773e-23
1.15571e-05
4.45476e-06
9.54737e-07
1.68768e-07
2.64995e-08
3.82123e-09
5.07059e-10
6.29991e-11
7.3895e-12
8.2626e-13
8.87362e-14
9.23778e-15
9.41165e-16
9.48546e-17
9.4811e-18
9.44129e-19
9.42005e-20
9.38575e-21
9.24267e-22
7.77183e-23
0.000134276
4.38094e-05
7.79571e-06
1.19371e-06
1.65394e-07
2.11864e-08
2.52998e-09
2.83187e-10
3.01431e-11
3.07998e-12
3.03854e-13
2.92063e-14
2.75696e-15
2.5858e-16
2.42529e-17
2.2795e-18
2.15267e-19
2.03406e-20
1.89975e-21
1.51683e-22
0.00184606
0.000539546
7.53895e-05
9.25698e-06
1.07317e-06
1.18138e-07
1.23024e-08
1.22028e-09
1.16478e-10
1.08017e-11
9.75575e-13
8.65423e-14
7.59112e-15
6.67318e-16
5.90587e-17
5.26371e-18
4.7221e-19
4.2414e-20
3.76371e-21
2.87878e-22
0.0190767
0.00599288
0.000734615
7.07858e-05
6.60134e-06
5.99195e-07
5.29664e-08
4.6298e-09
3.95431e-10
3.34081e-11
2.78508e-12
2.30392e-13
1.90038e-14
1.58091e-15
1.3431e-16
1.14797e-17
9.9478e-19
8.5269e-20
7.20288e-21
5.28049e-22
0.0475519
0.027295
0.00413134
0.000368689
2.95004e-05
2.18767e-06
1.67207e-07
1.31192e-08
1.0428e-09
8.30478e-11
6.61329e-12
5.26626e-13
4.20408e-14
3.42571e-15
2.92226e-16
2.41318e-17
2.01713e-18
1.63432e-19
1.32107e-20
9.32359e-22
0.0468016
0.0620954
0.0103954
0.000938502
7.28979e-05
6.16429e-06
5.19463e-07
4.2696e-08
3.27962e-09
2.49401e-10
1.90112e-11
1.4473e-12
1.10359e-13
8.85344e-15
6.7271e-16
5.30661e-17
4.08843e-18
3.1439e-19
2.39387e-20
1.59422e-21
0.044435
0.0704535
0.0162296
0.00160243
0.000132201
1.08886e-05
9.24237e-07
7.82824e-08
6.69016e-09
5.49047e-10
4.34631e-11
3.35525e-12
2.53923e-13
1.84534e-14
1.32103e-15
9.89619e-17
7.31663e-18
5.49332e-19
4.02043e-20
2.58894e-21
0.0421976
0.0703605
0.0245539
0.00276259
0.000229541
1.89419e-05
1.59353e-06
1.33157e-07
1.09108e-08
8.87466e-10
7.07495e-11
5.54209e-12
4.23906e-13
3.1049e-14
2.31746e-15
1.66488e-16
1.20642e-17
8.62788e-19
6.22163e-20
3.94788e-21
0.0405911
0.0698226
0.0317675
0.00446194
0.000398022
3.31722e-05
2.78883e-06
2.30362e-07
1.85961e-08
1.48214e-09
1.15499e-10
8.86571e-12
6.66987e-13
4.90388e-14
3.58442e-15
2.50628e-16
1.77972e-17
1.29358e-18
9.33239e-20
5.94518e-21
0.0392725
0.0689657
0.0385397
0.00623349
0.000595369
5.27268e-05
4.65999e-06
3.98364e-07
3.2395e-08
2.56733e-09
1.97218e-10
1.48413e-11
1.09479e-12
7.93509e-14
5.77088e-15
4.16279e-16
2.96505e-17
2.16987e-18
1.52558e-19
9.24952e-21
0.0381424
0.0682133
0.0452023
0.00848507
0.000900964
8.19031e-05
7.37589e-06
6.4914e-07
5.45844e-08
4.39391e-09
3.40269e-10
2.53556e-11
1.83807e-12
1.313e-13
9.30181e-15
6.98657e-16
5.029e-17
3.4407e-18
2.31253e-19
1.35441e-20
0.037199
0.067559
0.0512583
0.0105515
0.00115819
0.000110236
1.0399e-05
9.45518e-07
8.18306e-08
6.76415e-09
5.38578e-10
4.09974e-11
3.00797e-12
2.1448e-13
1.4939e-14
1.05747e-15
7.33189e-17
4.94606e-18
3.35494e-19
1.93963e-20
0.0363486
0.0669494
0.0572555
0.0132795
0.00161985
0.000158282
1.48936e-05
1.36202e-06
1.19499e-07
1.00048e-08
8.07047e-10
6.21162e-11
4.59974e-12
3.2956e-13
2.3645e-14
1.5987e-15
1.0839e-16
7.30665e-18
4.71518e-19
2.64345e-20
0.0356239
0.0664288
0.0627093
0.0155171
0.00195179
0.000196428
1.92566e-05
1.81889e-06
1.62982e-07
1.38534e-08
1.13238e-09
8.8093e-11
6.57904e-12
4.73501e-13
3.33054e-14
2.19516e-15
1.45689e-16
9.77403e-18
6.27831e-19
3.47065e-20
0.0349447
0.0659204
0.0677448
0.018432
0.00257169
0.000268816
2.63047e-05
2.47567e-06
2.22345e-07
1.89825e-08
1.55574e-09
1.21325e-10
9.07527e-12
6.52685e-13
4.52536e-14
3.13965e-15
2.07767e-16
1.33108e-17
8.23259e-19
4.47019e-20
0.0343191
0.065542
0.0731595
0.0210668
0.00302129
0.000320917
3.23109e-05
3.13507e-06
2.87625e-07
2.48795e-08
2.04633e-09
1.61275e-10
1.2091e-11
8.6878e-13
5.94614e-14
4.04869e-15
2.6785e-16
1.68663e-17
1.04322e-18
5.58739e-20
0.0337095
0.0651083
0.0770416
0.0239369
0.0037521
0.000415736
4.2395e-05
4.12221e-06
3.78222e-07
3.27311e-08
2.68956e-09
2.11732e-10
1.58292e-11
1.13235e-12
7.78214e-14
5.20008e-15
3.31566e-16
2.08572e-17
1.25289e-18
6.57222e-20
0.0330936
0.0644648
0.0773279
0.0261504
0.00435219
0.000498762
5.18401e-05
5.09313e-06
4.70869e-07
4.09446e-08
3.36989e-09
2.65051e-10
1.97559e-11
1.407e-12
9.7206e-14
6.42396e-15
4.15205e-16
2.57439e-17
1.52616e-18
7.81725e-20
0.0325116
0.0637974
0.0772517
0.0283084
0.00503803
0.000602556
6.34088e-05
6.26922e-06
5.82834e-07
5.08758e-08
4.1925e-09
3.29391e-10
2.44598e-11
1.73049e-12
1.16445e-13
7.58961e-15
4.82905e-16
2.97743e-17
1.74141e-18
8.81545e-20
0.0319839
0.0631334
0.077053
0.0303256
0.00576587
0.000717949
7.63296e-05
7.58849e-06
7.09133e-07
6.20937e-08
5.11997e-09
4.01523e-10
2.96882e-11
2.0866e-12
1.40033e-13
9.12978e-15
5.74018e-16
3.462e-17
2.00131e-18
1.00058e-19
0.0315026
0.0624498
0.0767763
0.0323922
0.00654603
0.000846105
9.07642e-05
9.06383e-06
8.50377e-07
7.46037e-08
6.14911e-09
4.80895e-10
3.53768e-11
2.46851e-12
1.6444e-13
1.05444e-14
6.50255e-16
3.87891e-17
2.20104e-18
1.09035e-19
0.0310522
0.0617367
0.0764897
0.0346327
0.00739027
0.000988188
0.000106625
1.06811e-05
1.00571e-06
8.83458e-08
7.27365e-09
5.66796e-10
4.14513e-11
2.86944e-12
1.89388e-13
1.19496e-14
7.24617e-16
4.27744e-17
2.39516e-18
1.16212e-19
0.0306073
0.0609802
0.0761869
0.0370244
0.00831863
0.00114875
0.000124242
1.2464e-05
1.17644e-06
1.03349e-07
8.4878e-09
6.58004e-10
4.78041e-11
3.28103e-12
2.14311e-13
1.3378e-14
8.01398e-16
4.64911e-17
2.56119e-18
1.22537e-19
0.0301841
0.0601697
0.0758581
0.0396239
0.00937757
0.00133047
0.000143329
1.4371e-05
1.35909e-06
1.19361e-07
9.77397e-09
7.53452e-10
5.43347e-11
3.69674e-12
2.38743e-13
1.46405e-14
8.70269e-16
4.99431e-17
2.71961e-18
1.27938e-19
0.0297804
0.0593654
0.0755028
0.0424657
0.0105331
0.00153708
0.000164129
1.64346e-05
1.55673e-06
1.36517e-07
1.1129e-08
8.52043e-10
6.08689e-11
4.10121e-12
2.61853e-13
1.59246e-14
9.26404e-16
5.21471e-17
2.81289e-18
1.31217e-19
0.0293564
0.0585359
0.0751213
0.0454456
0.0118826
0.00177812
0.000185842
1.8571e-05
1.76238e-06
1.54275e-07
1.25163e-08
9.49077e-10
6.735e-11
4.48276e-12
2.82422e-13
1.69067e-14
9.68995e-16
5.37959e-17
2.85205e-18
1.31594e-19
0.0289837
0.057742
0.0747316
0.0485944
0.0134715
0.00202786
0.000207687
2.08303e-05
1.98192e-06
1.72921e-07
1.39341e-08
1.0448e-09
7.35565e-11
4.83194e-12
3.00264e-13
1.76898e-14
1.00686e-15
5.48487e-17
2.87822e-18
1.30889e-19
0.0286442
0.0570807
0.0743174
0.0520062
0.0151607
0.00230671
0.000230961
2.31724e-05
2.20533e-06
1.9157e-07
1.53312e-08
1.1395e-09
7.94286e-11
5.15744e-12
3.1619e-13
1.84206e-14
1.02698e-15
5.51145e-17
2.85278e-18
1.27005e-19
0.0282595
0.0564181
0.0739253
0.0551755
0.0169077
0.00258763
0.000254301
2.56274e-05
2.44567e-06
2.1138e-07
1.67769e-08
1.23394e-09
8.49382e-11
5.43633e-12
3.27957e-13
1.87701e-14
1.02862e-15
5.46557e-17
2.78587e-18
1.22652e-19
0.027979
0.0560997
0.0735741
0.0580679
0.0188382
0.00279051
0.000283195
2.7688e-05
2.64539e-06
2.27615e-07
1.79279e-08
1.30515e-09
8.87417e-11
5.60157e-12
3.33236e-13
1.87648e-14
1.01422e-15
5.27798e-17
2.64668e-18
1.15074e-19
0.0279228
0.0561909
0.0732853
0.0608521
0.0206521
0.00289359
0.000304413
2.97702e-05
2.81406e-06
2.40395e-07
1.87955e-08
1.35588e-09
9.12172e-11
5.68533e-12
3.33767e-13
1.85557e-14
9.89191e-16
5.07188e-17
2.5028e-18
1.07366e-19
0.0279787
0.0563782
0.0732403
0.0621081
0.0215813
0.00290242
0.000313646
3.1497e-05
2.9766e-06
2.53671e-07
1.97209e-08
1.40953e-09
9.38685e-11
5.78292e-12
3.3505e-13
1.83652e-14
9.60797e-16
4.84185e-17
2.3499e-18
9.84454e-20
0.0281424
0.0567575
0.0732564
0.0620013
0.0216352
0.00285271
0.000310624
3.28891e-05
3.20953e-06
2.76477e-07
2.1445e-08
1.5157e-09
9.95496e-11
6.03351e-12
3.43284e-13
1.85056e-14
9.49781e-16
4.7113e-17
2.22749e-18
9.13242e-20
0.0284766
0.0573531
0.0733378
0.0612949
0.0213425
0.00268091
0.000299333
3.54643e-05
3.62938e-06
3.20011e-07
2.47999e-08
1.7209e-09
1.10635e-10
6.56616e-12
3.6551e-13
1.93036e-14
9.62799e-16
4.65771e-17
2.13645e-18
8.5321e-20
0.0290986
0.0583478
0.073539
0.0594667
0.020372
0.00237168
0.000299377
4.01393e-05
4.40672e-06
4.05504e-07
3.1528e-08
2.13042e-09
1.32262e-10
7.5987e-12
4.08877e-13
2.07833e-14
1.00477e-15
4.69251e-17
2.06898e-18
8.00294e-20
0.0296327
0.059449
0.0739301
0.055954
0.0181866
0.0020419
0.000321837
4.92915e-05
5.9228e-06
5.79339e-07
4.54743e-08
2.9721e-09
1.74969e-10
9.52853e-12
4.90781e-13
2.38238e-14
1.12334e-15
4.98108e-17
2.0874e-18
7.81672e-20
0.0302223
0.0601584
0.0741962
0.052194
0.0151925
0.00179321
0.0003781
6.45691e-05
8.32269e-06
8.74513e-07
7.0685e-08
4.54823e-09
2.53339e-10
1.29006e-11
6.25445e-13
2.91208e-14
1.27895e-15
5.43038e-17
2.18848e-18
7.861e-20
0.0309956
0.0612796
0.0744961
0.0472917
0.0119277
0.00171388
0.000496293
9.12695e-05
1.22267e-05
1.37432e-06
1.15688e-07
7.46404e-09
3.97833e-10
1.88702e-11
8.47871e-13
3.65283e-14
1.53648e-15
6.24674e-17
2.39257e-18
8.29072e-20
0.0312365
0.0622634
0.0751305
0.0417401
0.00974659
0.00183548
0.000723056
0.000136777
1.88504e-05
2.29848e-06
2.02049e-07
1.32085e-08
6.77327e-10
3.00391e-11
1.23287e-12
4.90527e-14
1.91162e-15
7.37477e-17
2.7392e-18
9.09314e-20
0.0310689
0.0622016
0.0753986
0.0396509
0.00931953
0.00226786
0.00106298
0.00021119
2.86434e-05
3.74395e-06
3.45676e-07
2.32977e-08
1.18109e-09
5.02438e-11
1.89795e-12
6.91683e-14
2.53551e-15
9.20361e-17
3.25635e-18
1.05621e-19
0.0306393
0.0614344
0.0755622
0.0402868
0.00982975
0.00323734
0.00181116
0.00035737
4.40064e-05
5.84826e-06
5.54919e-07
3.81714e-08
1.92639e-09
7.96395e-11
2.8335e-12
9.61541e-14
3.31792e-15
1.15198e-16
3.99722e-18
1.2689e-19
0.0300262
0.0595162
0.0754066
0.0440344
0.012284
0.0053712
0.00310191
0.000600971
7.28451e-05
9.47351e-06
9.15896e-07
6.33757e-08
3.15089e-09
1.25517e-10
4.21187e-12
1.33483e-13
4.32098e-15
1.42438e-16
4.87627e-18
1.57161e-19
0.0291087
0.0565327
0.0744556
0.0499389
0.0171923
0.00858712
0.00509911
0.000979769
0.000118472
1.45493e-05
1.42982e-06
9.89043e-08
4.86991e-09
1.8838e-10
6.02231e-12
1.79976e-13
5.46401e-15
1.84028e-16
6.53785e-18
2.12527e-19
0.0279974
0.0528703
0.0721438
0.0677124
0.0294288
0.0135481
0.0077823
0.00150755
0.000188626
2.16693e-05
2.03775e-06
1.38186e-07
6.68603e-09
2.51079e-10
7.75634e-12
2.24431e-13
6.93007e-15
2.37865e-16
8.99246e-18
3.18982e-19
0.0263881
0.0493307
0.0684914
0.076044
0.0397574
0.0179416
0.010663
0.0020586
0.000275418
3.21849e-05
2.68918e-06
1.75031e-07
8.17795e-09
2.95231e-10
8.86176e-12
2.56021e-13
8.49863e-15
3.3447e-16
1.59425e-17
7.21631e-19
0.0242812
0.0457741
0.0646414
0.076229
0.0563857
0.0284579
0.0141437
0.0023809
0.000334803
4.27934e-05
3.27252e-06
2.00805e-07
8.8755e-09
3.08507e-10
9.3163e-12
2.91076e-13
1.11078e-14
6.92432e-16
5.02572e-17
3.02565e-18
0.0225686
0.0432275
0.0615063
0.0753944
0.0715895
0.0447529
0.0154177
0.00232132
0.000348929
4.88137e-05
3.74813e-06
2.07976e-07
8.87526e-09
3.09203e-10
1.00304e-11
3.87287e-13
2.26902e-14
2.57252e-15
2.48804e-16
1.79627e-17
0.0218355
0.0426823
0.0598214
0.0734256
0.0789653
0.0515451
0.0140921
0.00198869
0.00033436
5.01301e-05
3.76937e-06
2.04067e-07
8.71913e-09
3.19166e-10
1.24278e-11
7.43351e-13
7.74322e-14
1.08479e-14
1.49469e-15
1.133e-16
0.0218448
0.0429794
0.0596867
0.0726737
0.079943
0.0515102
0.0113034
0.001573
0.000307511
4.81629e-05
3.538e-06
1.96495e-07
8.93673e-09
3.93968e-10
2.36726e-11
2.47966e-12
3.76818e-13
6.29471e-14
8.10734e-15
7.50993e-16
0.022342
0.0435951
0.0601835
0.0728768
0.0802585
0.049823
0.00828425
0.0012318
0.000282687
4.34427e-05
3.22754e-06
1.97779e-07
1.10819e-08
7.66657e-10
7.77715e-11
1.12709e-11
1.97396e-12
3.56967e-13
4.9107e-14
4.50804e-15
0.0255642
0.0442275
0.0607999
0.0734125
0.0803384
0.0467189
0.00605137
0.00100322
0.000259259
3.7129e-05
3.11593e-06
2.27874e-07
2.08587e-08
2.50039e-09
3.58771e-10
5.80492e-11
1.04574e-11
1.94612e-12
2.91673e-13
2.75674e-14
0.0318108
0.0456491
0.0616466
0.0740674
0.0796425
0.0419189
0.00431809
0.00085711
0.000235773
3.19205e-05
3.19994e-06
3.56118e-07
5.87934e-08
1.05615e-08
1.86403e-09
3.16909e-10
5.62251e-11
1.03854e-11
1.70582e-12
1.64278e-13
0.0371182
0.0474203
0.0631763
0.0745599
0.0742259
0.033591
0.00300628
0.000752842
0.000205891
2.98448e-05
3.81672e-06
7.64305e-07
1.97786e-07
4.6516e-08
9.5621e-09
1.69996e-09
2.94152e-10
5.13522e-11
8.62966e-12
8.7817e-13
0.0417598
0.0490268
0.0650839
0.0752268
0.0658666
0.0234363
0.00210724
0.000675775
0.000178719
2.99497e-05
5.8328e-06
1.92799e-06
6.71915e-07
1.93493e-07
4.51937e-08
8.48564e-09
1.4552e-09
2.3704e-10
3.88677e-11
4.38747e-12
0.0460134
0.0507219
0.0668119
0.0759793
0.0565793
0.0146961
0.00156708
0.000602149
0.000161763
3.28024e-05
1.09141e-05
5.03817e-06
2.15376e-06
7.30552e-07
1.90952e-07
3.86852e-08
6.84752e-09
1.09626e-09
1.78799e-10
2.02081e-11
0.0500995
0.0537309
0.0697112
0.0774643
0.0458259
0.00884487
0.00132212
0.00053715
0.000157134
4.35441e-05
2.26175e-05
1.29413e-05
6.41641e-06
2.50746e-06
7.41984e-07
1.67374e-07
3.11157e-08
4.85076e-09
7.04039e-10
8.24696e-11
0.0536864
0.0577598
0.0724418
0.0777269
0.0358098
0.00549811
0.00119527
0.000496261
0.000163898
7.11196e-05
4.8645e-05
3.2016e-05
1.78294e-05
7.88649e-06
2.63697e-06
6.50199e-07
1.27551e-07
1.96447e-08
2.70253e-09
2.74893e-10
0.056581
0.0604966
0.0731663
0.0729512
0.0267135
0.00369751
0.00111164
0.000489728
0.000198338
0.000130891
0.000104403
7.5115e-05
4.58644e-05
2.24241e-05
8.33787e-06
2.22325e-06
4.55142e-07
7.12989e-08
9.78451e-09
1.0075e-09
0.0591367
0.0630542
0.0738166
0.0608692
0.0194373
0.00277625
0.001085
0.000518104
0.00029738
0.000258441
0.000223196
0.000166669
0.00010897
5.77762e-05
2.34672e-05
6.75675e-06
1.38845e-06
2.35398e-07
3.25753e-08
3.39758e-09
0.0615021
0.0654364
0.0744793
0.0514198
0.0141449
0.00232674
0.00110271
0.000629235
0.000509126
0.000491597
0.000443767
0.000355221
0.000247481
0.000139567
6.04313e-05
1.82317e-05
3.76491e-06
7.0649e-07
9.80985e-08
1.04091e-08
0.0635643
0.0675427
0.0749882
0.0431497
0.0102932
0.00218401
0.00121149
0.000931543
0.00091936
0.000927263
0.000864885
0.000706147
0.000503656
0.000298071
0.000136877
4.07301e-05
9.06286e-06
1.87796e-06
2.75751e-07
2.94832e-08
0.0655626
0.0698158
0.0763223
0.0352294
0.00765903
0.00219799
0.00149441
0.00137969
0.0014553
0.00154879
0.00152764
0.00128428
0.000948489
0.000582225
0.00027582
7.40828e-05
1.95425e-05
4.65605e-06
7.26938e-07
8.11885e-08
0.067555
0.0720309
0.0760487
0.0294322
0.00615167
0.00231684
0.00207061
0.00213494
0.00229175
0.00248536
0.00247089
0.00209022
0.00153292
0.000985359
0.000505661
0.000131686
3.87281e-05
1.06377e-05
1.75415e-06
2.07746e-07
0.0692121
0.0733969
0.0727224
0.0254248
0.00559074
0.00267765
0.00280063
0.00299946
0.0035407
0.00390034
0.00365606
0.0031442
0.00251253
0.00171951
0.000934224
0.00022624
7.64771e-05
2.24209e-05
3.88706e-06
4.90421e-07
0.0705165
0.0742679
0.0655831
0.0220449
0.00553987
0.00345741
0.00371512
0.00418836
0.00495637
0.00525551
0.00530703
0.00506002
0.00413545
0.00286753
0.00163653
0.000403845
0.000147387
4.45266e-05
8.05393e-06
1.08553e-06
0.071751
0.074742
0.0601565
0.019442
0.00562744
0.00427021
0.00463166
0.00545226
0.00606593
0.00714592
0.00819295
0.00788495
0.00650614
0.004582
0.00273893
0.000749165
0.00027734
8.33609e-05
1.56841e-05
2.26125e-06
0.0727154
0.0756084
0.0555833
0.0180817
0.00598526
0.00517467
0.00575485
0.00634806
0.00787746
0.0101018
0.0116602
0.0115612
0.00976279
0.00708434
0.00442101
0.0013536
0.000488324
0.000147484
2.89451e-05
4.48765e-06
0.0734778
0.0765118
0.0528393
0.0178449
0.0068439
0.0059416
0.00647696
0.00775714
0.0101938
0.0131915
0.0155776
0.0158579
0.0141204
0.0106044
0.00674943
0.00244585
0.000816981
0.000248222
5.0857e-05
8.50859e-06
0.0748339
0.0769089
0.0528135
0.0182902
0.00741463
0.00659767
0.00767784
0.00929403
0.0118118
0.0153251
0.0187052
0.020504
0.0195842
0.0154137
0.00976502
0.00420433
0.00133108
0.000400758
8.57298e-05
1.56039e-05
0.0751477
0.0774205
0.0542346
0.0192893
0.00825809
0.00791494
0.0091407
0.0104478
0.012627
0.0164431
0.0211249
0.0248875
0.0255346
0.021532
0.0141289
0.00654234
0.00209227
0.000620632
0.000137847
2.7441e-05
0.0758093
0.0777189
0.0560685
0.0216506
0.0100793
0.00946687
0.0104387
0.011406
0.0131259
0.0168753
0.0223177
0.0278808
0.0309399
0.0284009
0.0199091
0.00974939
0.00318185
0.000929187
0.000212213
4.60187e-05
0.0762522
0.0778723
0.0598516
0.0260611
0.0124793
0.0111143
0.011879
0.0126561
0.0136199
0.0165592
0.0219213
0.0286948
0.0348257
0.0351129
0.0268309
0.0140318
0.00465642
0.00133776
0.000312589
7.39915e-05
0.0764849
0.0780271
0.0716807
0.0355777
0.0166954
0.0136224
0.0139314
0.0145956
0.014564
0.0159466
0.0203149
0.0273551
0.0364865
0.0408085
0.0343366
0.0194844
0.00656883
0.00184686
0.000437051
0.000113141
0.0766611
0.0780487
0.0776672
0.045677
0.0248096
0.0183406
0.0170756
0.0175811
0.0166564
0.0158685
0.0185007
0.0246486
0.0359511
0.0449143
0.041592
0.0259595
0.00897505
0.00247253
0.000587168
0.000164003
0.0773293
0.0780057
0.079118
0.0671354
0.0412805
0.0271552
0.0223651
0.0219408
0.0205097
0.0170854
0.017341
0.0217997
0.0337533
0.0473134
0.0479053
0.0331228
0.0118167
0.00320443
0.00076423
0.000229622
0.0776491
0.0778479
0.0790776
0.0772369
0.059586
0.0411711
0.0311325
0.0282935
0.0262559
0.0201803
0.0173056
0.0198597
0.0307533
0.048089
0.0528713
0.040519
0.0149443
0.00397701
0.0009491
0.000307678
0.0778814
0.0776853
0.078646
0.0791805
0.0759424
0.0592055
0.0438862
0.0372611
0.033979
0.0253833
0.0187241
0.0194123
0.0280872
0.0475665
0.0562575
0.0470253
0.0182369
0.00477941
0.00113966
0.000392433
0.0778921
0.0772769
0.0776765
0.0788839
0.0791845
0.0744943
0.0597862
0.0487302
0.0436602
0.0324401
0.0213513
0.0200045
0.0266444
0.0463298
0.0582846
0.0519656
0.0210742
0.00546206
0.00131096
0.000480228
0.0779311
0.0763227
0.076284
0.0776671
0.0791081
0.0792382
0.0739605
0.0619841
0.0547153
0.0404365
0.0248517
0.0216341
0.026619
0.0454115
0.0596204
0.0550404
0.0230852
0.00592385
0.00141982
0.000548213
0.0783973
0.0760242
0.074653
0.0759754
0.0779897
0.0794063
0.0794365
0.0742518
0.0658146
0.0496045
0.0301483
0.0248211
0.0284891
0.0456284
0.0611194
0.0568845
0.0240034
0.00609381
0.00145356
0.000588152
0.0793133
0.0761927
0.0730599
0.0739376
0.0757957
0.0784319
0.0798065
0.0798471
0.0748761
0.0609501
0.0370956
0.0295363
0.0322906
0.047835
0.0631545
0.0580489
0.0233081
0.00585178
0.00139378
0.000595284
0.0801496
0.0765197
0.0726225
0.0718822
0.0737546
0.0763329
0.0790568
0.0803652
0.0803157
0.0689796
0.0440104
0.0354171
0.0379196
0.0522392
0.0656957
0.0582977
0.0209753
0.00520642
0.00124183
0.000565831
0.0745799
0.0769628
0.0727323
0.0712206
0.0721726
0.0743177
0.0771937
0.0798414
0.0809102
0.0774799
0.0578183
0.045129
0.0465065
0.0586174
0.0684615
0.0566183
0.0173678
0.00430476
0.0010377
0.000515633
0.0688202
0.0781463
0.0737502
0.0707765
0.070774
0.0725696
0.0752973
0.0783547
0.0805641
0.080718
0.0666407
0.0548223
0.0560493
0.0661545
0.0710197
0.0509261
0.0133445
0.00332734
0.000821221
0.000457315
0.0679735
0.0787159
0.0747574
0.0707655
0.069877
0.0711905
0.0735444
0.0766372
0.0795138
0.0808556
0.0777965
0.0670027
0.0668495
0.0734017
0.0730978
0.0405023
0.00965047
0.00244974
0.000635682
0.000404097
0.0692835
0.0790177
0.0756702
0.0712704
0.069608
0.0701033
0.0719956
0.0749215
0.0778833
0.0803616
0.0807487
0.0770621
0.0766828
0.0793152
0.0725316
0.0277389
0.00643757
0.00174846
0.000493298
0.000359258
0.0724592
0.0789588
0.0760638
0.0720103
0.0696445
0.0694031
0.0707597
0.0733092
0.0762195
0.0790306
0.0806152
0.0808888
0.0811068
0.0818054
0.0639418
0.0171556
0.00420452
0.001262
0.000394908
0.000320471
0.077341
0.0784424
0.0758264
0.0726004
0.0697617
0.0690462
0.0698707
0.0719143
0.074649
0.0774648
0.079706
0.0807588
0.0809232
0.0810753
0.0461447
0.0103627
0.00274454
0.000947316
0.000330398
0.000283667
0.0800036
0.0773599
0.0746509
0.0723663
0.0697295
0.0687136
0.0690931
0.0706156
0.0729648
0.0754842
0.0774023
0.0790245
0.0802401
0.074564
0.0253252
0.00582594
0.00187174
0.000761422
0.000286264
0.000245915
0.0794573
0.0762136
0.0730576
0.0712905
0.0694753
0.0684869
0.0685567
0.0696467
0.0715174
0.0736353
0.0754777
0.077704
0.080332
0.0549846
0.0123702
0.00371064
0.00146068
0.000651784
0.000251977
0.000211266
0.07889
0.0753095
0.071936
0.0701981
0.0691024
0.068389
0.0684574
0.0693989
0.0710234
0.0729998
0.0751872
0.0779064
0.0789542
0.0268951
0.00741312
0.00289197
0.00126747
0.000575499
0.000222845
0.000181893
0.0786094
0.0748094
0.0713612
0.0696813
0.0688695
0.0684478
0.0685748
0.0695457
0.0711429
0.0731777
0.0757172
0.0791953
0.0530659
0.0147877
0.00579939
0.00256959
0.00113523
0.000507211
0.000195509
0.000154658
0.0786532
0.0747467
0.0712444
0.0695883
0.0688879
0.0685889
0.0688417
0.0698697
0.0714972
0.0737763
0.0768582
0.0804866
0.0303015
0.0120538
0.00549312
0.00240741
0.00102784
0.00044766
0.000171152
0.000130825
0.0789849
0.0750063
0.0714095
0.0697265
0.0690605
0.0688659
0.0693324
0.0705267
0.072355
0.075143
0.0783228
0.0674594
0.025433
0.012162
0.00538138
0.0022089
0.000905052
0.000387314
0.000147795
0.000110905
0.0795769
0.0756459
0.0718915
0.0701828
0.0696302
0.0696217
0.0703568
0.0720605
0.074722
0.078081
0.0806386
0.0518184
0.0265081
0.0124896
0.00493053
0.00187874
0.000758323
0.000329107
0.000128035
9.60537e-05
0.0799969
0.0762783
0.0723348
0.0706687
0.0703276
0.0707921
0.0720154
0.0739791
0.0768397
0.0795103
0.0797129
0.0523689
0.0291263
0.0117774
0.00416159
0.00154898
0.000638298
0.000286586
0.000114892
8.55503e-05
0.0753686
0.0767327
0.0728496
0.0710542
0.0707265
0.0711299
0.072483
0.074587
0.077592
0.0802848
0.0775206
0.0583228
0.0284889
0.00992445
0.00334145
0.00124776
0.000537189
0.000252906
0.000104963
7.62361e-05
0.0684676
0.0777307
0.0740217
0.0719087
0.0715764
0.0722984
0.073761
0.0761038
0.0788551
0.0808334
0.0776127
0.0581114
0.0225918
0.007023
0.00235759
0.000950017
0.000450661
0.000225036
9.5986e-05
6.67013e-05
0.0645812
0.0788706
0.0752125
0.0727799
0.0722458
0.0730931
0.0749981
0.0771327
0.0792965
0.081183
0.0765944
0.0481589
0.0146718
0.00445362
0.00162236
0.000743481
0.000388573
0.00020146
8.69975e-05
5.62152e-05
0.0628362
0.079446
0.07612
0.0735706
0.0727634
0.0736815
0.0754833
0.0775741
0.079792
0.081575
0.0702483
0.0269431
0.00768658
0.00261576
0.00114539
0.00061224
0.000343083
0.000180048
7.76492e-05
4.46511e-05
0.0620316
0.0797042
0.0768177
0.0743678
0.073607
0.0744575
0.0761375
0.0782473
0.0804483
0.0794134
0.0465014
0.0134156
0.00427707
0.00173508
0.000907801
0.000536541
0.000310057
0.000160041
6.61204e-05
3.21467e-05
0.0616411
0.0799613
0.0773987
0.0752399
0.0748384
0.075307
0.0769812
0.0792079
0.0812662
0.065794
0.0229328
0.00699385
0.00263359
0.00130145
0.000783801
0.000485666
0.000277812
0.000136251
5.21865e-05
2.14064e-05
0.0613172
0.0801916
0.0779456
0.0761149
0.0757168
0.0762372
0.0779998
0.0802969
0.0776141
0.037697
0.0116064
0.00404287
0.00184483
0.00108241
0.000699851
0.000438325
0.000244894
0.000111774
3.86871e-05
1.32544e-05
0.0605357
0.0803336
0.078256
0.0767494
0.0764409
0.0772825
0.0792396
0.0811882
0.0589919
0.0197587
0.00647904
0.0026604
0.00146177
0.000955745
0.00064246
0.000397265
0.00020502
8.18865e-05
2.446e-05
6.83338e-06
0.0582285
0.0807715
0.0789162
0.0775445
0.0773271
0.0784389
0.0804401
0.0770324
0.0357129
0.0110586
0.00405856
0.00198734
0.00126248
0.000883368
0.000593839
0.000337333
0.000150637
5.08739e-05
1.29433e-05
3.04986e-06
0.0553314
0.0812116
0.0797083
0.0784766
0.0784137
0.0798178
0.081178
0.0594852
0.0205104
0.00666177
0.00282075
0.00163435
0.00115618
0.000816999
0.000503923
0.000249322
9.5622e-05
2.80793e-05
6.46067e-06
1.55436e-06
0.0523658
0.0799146
0.0802788
0.0791758
0.0795536
0.0809104
0.0776451
0.0385842
0.0120006
0.0043075
0.0021593
0.00145867
0.00107726
0.000706277
0.000384033
0.000166221
5.71223e-05
1.6055e-05
3.92145e-06
1.06713e-06
0.0495646
0.0761346
0.0809064
0.0802667
0.0806981
0.0814201
0.0642284
0.0228774
0.00719516
0.00300168
0.00182609
0.00135258
0.000937786
0.000549073
0.000267936
0.000109015
3.80946e-05
1.10342e-05
2.75901e-06
8.64948e-07
0.0470536
0.0726312
0.0814184
0.0812758
0.081514
0.0773501
0.0423747
0.0128916
0.00450798
0.00232856
0.0016588
0.00119034
0.00074588
0.000403879
0.000195864
8.29173e-05
2.83124e-05
8.44198e-06
2.47938e-06
8.31727e-07
0.0442557
0.0700551
0.081805
0.0818315
0.0802581
0.0633973
0.0238232
0.00732374
0.00311928
0.00201626
0.00146987
0.000974479
0.000583095
0.000326231
0.000158388
6.2697e-05
2.1852e-05
7.25856e-06
2.28558e-06
7.25684e-07
0.0409333
0.0672199
0.0800592
0.080729
0.0727088
0.0410216
0.0126756
0.00449812
0.00247379
0.00177797
0.0012355
0.000803763
0.000494689
0.000260605
0.000117527
4.88014e-05
1.8566e-05
6.54357e-06
2.11675e-06
6.11378e-07
0.0369529
0.0623013
0.0745181
0.0735259
0.0559235
0.0227204
0.00704465
0.00316991
0.00211266
0.00152563
0.00105992
0.000696498
0.000387006
0.000197223
9.58008e-05
4.27563e-05
1.71328e-05
6.21236e-06
1.96114e-06
5.06119e-07
0.032621
0.0555576
0.0638505
0.0581432
0.0364817
0.0120438
0.00438799
0.00253185
0.00183068
0.00133854
0.000928475
0.000556488
0.000311023
0.00017097
8.87468e-05
4.10674e-05
1.66792e-05
5.89417e-06
1.77736e-06
4.1638e-07
0.0285013
0.0485058
0.0532359
0.0445649
0.0211283
0.00683259
0.003164
0.00216666
0.00161337
0.00120923
0.00075419
0.000480947
0.000286228
0.000166923
8.9825e-05
4.13199e-05
1.60598e-05
5.47932e-06
1.60411e-06
3.42259e-07
0.0248653
0.0417974
0.0434374
0.031567
0.0121433
0.0043896
0.00257269
0.00191804
0.00146441
0.00102888
0.000689579
0.000447201
0.00028644
0.000172494
9.01317e-05
4.00364e-05
1.50149e-05
5.01672e-06
1.47194e-06
2.92238e-07
0.0216866
0.0355077
0.0347554
0.0203348
0.00736115
0.00323493
0.00225249
0.00177246
0.00132811
0.000906623
0.000650408
0.00044344
0.000294268
0.000174993
8.96546e-05
3.86695e-05
1.4689e-05
4.89455e-06
1.39415e-06
2.52761e-07
0.0189404
0.0296994
0.0273948
0.0126378
0.00481485
0.00267178
0.00208456
0.00165044
0.00117685
0.000874827
0.000640055
0.0004592
0.000304132
0.000176742
8.92988e-05
3.8929e-05
1.422e-05
4.76089e-06
1.3084e-06
2.28929e-07
0.0166022
0.0247639
0.0213275
0.00818478
0.00353929
0.00241036
0.00197605
0.00151105
0.00112688
0.000872289
0.000659703
0.000478046
0.000312167
0.000183349
9.23608e-05
3.83399e-05
1.40489e-05
4.71538e-06
1.24206e-06
2.15351e-07
0.0144985
0.0204973
0.0159064
0.00566187
0.00291963
0.00230866
0.00185436
0.00143497
0.00113315
0.000896624
0.000702001
0.000510069
0.000331592
0.000187459
9.21519e-05
3.848e-05
1.4062e-05
4.64376e-06
1.20695e-06
2.10285e-07
0.0126172
0.0164138
0.0112643
0.00416451
0.002666
0.00220655
0.00176777
0.00143102
0.00116158
0.000956368
0.000746748
0.000524172
0.000335876
0.000190367
9.26492e-05
3.86996e-05
1.41613e-05
4.66215e-06
1.21382e-06
2.13627e-07
0.0111562
0.0127656
0.00797933
0.00338394
0.00256873
0.00211147
0.00175287
0.00146269
0.00122324
0.00101574
0.000775362
0.000544675
0.00034509
0.000193888
9.39388e-05
3.91974e-05
1.44332e-05
4.78515e-06
1.24039e-06
2.20177e-07
0.0101259
0.0103176
0.0060677
0.00306602
0.00247056
0.0020875
0.00177511
0.00151723
0.00131745
0.00107009
0.000804987
0.000563311
0.000356049
0.000199853
9.69798e-05
4.06625e-05
1.50367e-05
5.02451e-06
1.29633e-06
2.28989e-07
0.00925774
0.00899422
0.00496979
0.00297292
0.00243261
0.00210368
0.00183608
0.00162552
0.00141382
0.00114266
0.00085691
0.000598851
0.000380712
0.000216174
0.000106012
4.45366e-05
1.62196e-05
5.37515e-06
1.36884e-06
2.42066e-07
0.00834948
0.00792884
0.00420107
0.00289913
0.00244098
0.00215467
0.00193498
0.00177891
0.00152235
0.00123201
0.000934107
0.00065742
0.00042119
0.000240379
0.000117979
4.92824e-05
1.78183e-05
5.85765e-06
1.45479e-06
2.58197e-07
0.0075002
0.0067448
0.0037213
0.00283413
0.00248461
0.00224208
0.00214243
0.00194562
0.00166566
0.00135104
0.00102933
0.000729314
0.000470636
0.000269461
0.000132161
5.46105e-05
1.95444e-05
6.52408e-06
1.66154e-06
2.78569e-07
0.00689111
0.00568526
0.00358459
0.00281547
0.00255592
0.00245609
0.00233595
0.00209807
0.00179517
0.00145989
0.00111913
0.000798243
0.000520121
0.000300324
0.000147929
6.05861e-05
2.13027e-05
7.16478e-06
1.94185e-06
3.05453e-07
0.00659243
0.00498577
0.0034781
0.00285359
0.00270236
0.00268289
0.00251771
0.00225976
0.00193886
0.00158086
0.00121451
0.000868027
0.000568179
0.000329753
0.000163018
6.65651e-05
2.30412e-05
7.77062e-06
2.21802e-06
3.37675e-07
0.00647302
0.00466455
0.0034278
0.0029319
0.00294527
0.00289018
0.00270778
0.00243895
0.00210121
0.00171873
0.00132665
0.000957173
0.000633089
0.00037115
0.000184942
7.54345e-05
2.56996e-05
8.69319e-06
2.50058e-06
3.87721e-07
0.00634359
0.0045591
0.0034467
0.0031079
0.00316881
0.00309916
0.00290463
0.00261661
0.00225767
0.00185777
0.00144851
0.00105784
0.000709256
0.000421871
0.00021342
8.74086e-05
2.89635e-05
9.69542e-06
2.88555e-06
4.54321e-07
0.00606668
0.00451119
0.00351649
0.00333484
0.00338937
0.00330019
0.00309065
0.00278883
0.0024186
0.00200633
0.00157856
0.00116359
0.000790265
0.000480991
0.000250661
0.000103945
3.27741e-05
1.06372e-05
3.39005e-06
5.42668e-07
0.00567535
0.0044406
0.00367172
0.00359671
0.0036209
0.00350972
0.0032978
0.00299467
0.00261419
0.00217881
0.00172246
0.00127987
0.000881659
0.000549336
0.000295306
0.000124574
3.74568e-05
1.20895e-05
4.02855e-06
6.66281e-07
0.00532072
0.00440514
0.00378987
0.00384911
0.00386795
0.00375906
0.00354671
0.00323954
0.00284482
0.00238571
0.00190456
0.00143704
0.00100989
0.000650536
0.000364236
0.000156732
4.25588e-05
1.33778e-05
4.665e-06
8.2918e-07
0.00522851
0.00442087
0.00395561
0.00406834
0.00411324
0.00403997
0.0038672
0.00356651
0.00316013
0.00268207
0.00216683
0.00165497
0.0011857
0.000780818
0.000452902
0.000202922
4.99549e-05
1.45225e-05
5.41874e-06
1.05353e-06
0.00516815
0.00447414
0.0041808
0.00431494
0.00438327
0.00436093
0.00425968
0.00399266
0.00359716
0.00310725
0.00255609
0.00197886
0.00142815
0.000951562
0.000570537
0.000274112
6.10455e-05
1.48649e-05
6.14226e-06
1.36035e-06
0.0050785
0.00459203
0.00437987
0.00458534
0.00474292
0.00483246
0.0047762
0.00457715
0.00423212
0.00373726
0.00312178
0.00244017
0.00176871
0.00118227
0.000725369
0.000385173
7.94836e-05
1.74842e-05
7.11029e-06
1.78261e-06
0.00497039
0.00464143
0.00460742
0.00496616
0.00527855
0.00545262
0.00548292
0.00539874
0.00512814
0.00463383
0.0039371
0.0031092
0.0022582
0.0014965
0.000920394
0.000522551
0.000139942
2.57623e-05
8.54804e-06
2.38109e-06
0.00494286
0.00473491
0.00486328
0.00531377
0.00576077
0.00612278
0.00645778
0.00657975
0.00639846
0.00590096
0.00511824
0.00411933
0.00302366
0.00198178
0.00113115
0.000665616
0.000287966
4.5473e-05
1.0388e-05
3.17601e-06
0.00493933
0.00489601
0.00515125
0.00573499
0.00634259
0.00704147
0.00786572
0.00823312
0.00812977
0.00760099
0.00672916
0.00555188
0.00416871
0.0027607
0.00147894
0.000786154
0.00050416
9.18295e-05
1.34632e-05
4.22912e-06
0.00494396
0.0051126
0.00561405
0.00655296
0.00752987
0.00870379
0.00963874
0.0101256
0.0101023
0.00957851
0.00865251
0.00742563
0.00583216
0.00394923
0.00199843
0.00108208
0.000706571
0.000213651
2.00779e-05
5.35201e-06
0.00494905
0.00520087
0.00575066
0.00686654
0.00841032
0.00995582
0.0109944
0.0114879
0.0115814
0.0113142
0.0106119
0.00939688
0.00772171
0.00571411
0.00284459
0.00162758
0.000851373
0.000468934
3.90932e-05
6.80856e-06
0.00499988
0.00526571
0.00580417
0.00688266
0.008472
0.0101708
0.0113324
0.0119422
0.0121988
0.0121347
0.0117192
0.01093
0.00982918
0.00825144
0.00427282
0.00235941
0.00126827
0.000730467
8.43405e-05
7.57835e-06
0.00514738
0.00539867
0.0058098
0.00667543
0.00818985
0.0101021
0.011389
0.0122082
0.0126642
0.0128371
0.0126913
0.0122439
0.0114512
0.0100399
0.00765137
0.00353948
0.001829
0.00108089
0.000198819
5.96689e-06
0.00613943
0.00591531
0.00601981
0.00651785
0.00750458
0.00953577
0.0111471
0.0122294
0.0128666
0.0132775
0.0133996
0.0132401
0.01278
0.0118716
0.0104562
0.00616796
0.00273965
0.00141677
0.00051285
9.81767e-06
0.0122345
0.00727655
0.00676413
0.00677483
0.00725469
0.00815867
0.010102
0.0116781
0.0127409
0.0133071
0.0136934
0.0138412
0.0137085
0.0132209
0.0121685
0.0101251
0.00481154
0.00200447
0.000945915
3.48541e-05
0.0200812
0.0118703
0.00845045
0.00782666
0.00770362
0.00806811
0.00868746
0.0100477
0.0116923
0.0128073
0.0135314
0.0138709
0.0140873
0.0140306
0.0136108
0.0123493
0.00876147
0.0032938
0.0015058
0.000138442
0.0222813
0.0249264
0.0140054
0.010428
0.00923309
0.00893275
0.0090983
0.00962029
0.0103854
0.0114594
0.0125119
0.0134116
0.0138926
0.0141314
0.0141768
0.0139619
0.0123959
0.00592608
0.00215151
0.000469492
0.0220598
0.0316745
0.0294581
0.0194015
0.014371
0.0115159
0.0108779
0.0108059
0.0110079
0.0114109
0.0121023
0.0127102
0.0135129
0.0138426
0.0140431
0.0142688
0.0141381
0.0106074
0.00330535
0.000937469
0.0193673
0.0298703
0.0368245
0.0375732
0.0312505
0.0253126
0.0191486
0.0156804
0.0138239
0.01326
0.01319
0.0132856
0.0135571
0.0138469
0.0139431
0.0141718
0.0144012
0.0137229
0.00648457
0.00149697
0.0129041
0.0220477
0.0311005
0.0389014
0.0422679
0.0417824
0.0395069
0.034094
0.0270943
0.0218715
0.01708
0.015014
0.0145643
0.0142195
0.0140906
0.0141097
0.0143691
0.0144748
0.0103458
0.00221523
0.00799857
0.0146389
0.0212748
0.0299039
0.0388742
0.0416926
0.0410717
0.0382474
0.035312
0.0320803
0.0285522
0.021409
0.0169189
0.0153012
0.0143896
0.0142035
0.0143312
0.0146919
0.0129322
0.00374716
0.00436459
0.00832134
0.0130113
0.0213624
0.0335356
0.0402913
0.0369897
0.0318318
0.0311506
0.0310619
0.0299964
0.0274613
0.0219457
0.0172615
0.0148417
0.0142847
0.0142958
0.0147596
0.0141236
0.00665787
0.00397311
0.00749015
0.00946983
0.0126209
0.0241622
0.0397125
0.0367959
0.0283782
0.0244568
0.0256332
0.0281065
0.0270068
0.0223792
0.0169079
0.0149571
0.0142521
0.0142452
0.014781
0.0147808
0.0120101
0.0040921
0.00754999
0.00914697
0.0108683
0.0156978
0.0328857
0.0414597
0.0294486
0.023109
0.0214441
0.0226053
0.0234144
0.0197137
0.0162347
0.01468
0.0141233
0.0141898
0.0147896
0.0152137
0.0214257
0.00438595
0.00808759
0.00940505
0.0107387
0.0143881
0.0243817
0.0421953
0.0366292
0.0250186
0.0209958
0.0194844
0.0182494
0.0172066
0.0153207
0.0143496
0.0140202
0.0141788
0.0148082
0.0155505
0.0374881
0.00513975
0.00897242
0.010217
0.0115527
0.0150137
0.0229878
0.0388149
0.0435653
0.03167
0.0233622
0.0197067
0.017549
0.016204
0.0149728
0.0143123
0.0141115
0.0143139
0.0149097
0.0159239
0.0665385
0.00576879
0.00938378
0.0110557
0.0138038
0.0192848
0.0267077
0.0375558
0.0470389
0.0421948
0.0311712
0.0233972
0.0193152
0.0170963
0.0156851
0.0149173
0.0146187
0.0147309
0.0152237
0.0165137
0.120706
0.00603039
0.00962301
0.0119277
0.0174704
0.0268377
0.0344457
0.0423258
0.0499113
0.0507572
0.0424839
0.0317616
0.0244989
0.0206194
0.0183467
0.0169953
0.0162648
0.0160586
0.0161919
0.0178525
0.207053
0.00612533
0.00972148
0.0122899
0.0190169
0.0324874
0.0438954
0.0490064
0.0543956
0.05613
0.052682
0.0438442
0.033628
0.0275369
0.0237557
0.0213831
0.0198893
0.0191494
0.0187583
0.0206496
0.27689
0.00612129
0.00964601
0.0123034
0.0192272
0.0338946
0.0485842
0.0557169
0.0596853
0.0608757
0.0599633
0.0549626
0.0460026
0.038494
0.0330652
0.0293997
0.0266271
0.0249444
0.0237674
0.0336657
1.18969
0.0059149
0.00936654
0.0119424
0.0174064
0.0284224
0.0446006
0.0558065
0.0608852
0.0629137
0.0632219
0.0616991
0.0570646
0.0509551
0.045563
0.0417198
0.0373929
0.0344717
0.0360796
0.396487
21.8078
0.00574091
0.0092473
0.012359
0.0186843
0.027629
0.036161
0.0440214
0.0497417
0.0540334
0.0562063
0.0568879
0.0568692
0.0555136
0.053374
0.0506375
0.0471167
0.0447988
0.0446388
0.16162
4.30706
0.00423531
0.00605449
0.00654552
0.00694556
0.00760895
0.00866487
0.0096177
0.0106382
0.0118901
0.0129462
0.0128211
0.0138775
0.015506
0.0176909
0.0191585
0.0181388
0.015397
0.0165602
0.016325
0.0830616
)
;

boundaryField
{
    outlet
    {
        type            inletOutlet;
        inletValue      uniform 0;
        value           nonuniform List<scalar> 
20
(
0.00423531
0.00605449
0.00654552
0.00694556
0.00760895
0.00866487
0.0096177
0
0
0.0129462
0
0
0
0.0176909
0
0
0
0.0165602
0.016325
0
)
;
    }
    inlet
    {
        type            inletOutlet;
        inletValue      uniform 0;
        value           uniform 0;
    }
    wall
    {
        type            fixedValue;
        value           uniform 0;
    }
    interface
    {
        type            fixedValue;
        value           uniform 0;
    }
    frontAndback
    {
        type            empty;
    }
}


// ************************************************************************* //
