/*--------------------------------*- C++ -*----------------------------------*\
| =========                 |                                                 |
| \\      /  F ield         | OpenFOAM: The Open Source CFD Toolbox           |
|  \\    /   O peration     | Version:  dev                                   |
|   \\  /    A nd           | Web:      www.OpenFOAM.org                      |
|    \\/     M anipulation  |                                                 |
\*---------------------------------------------------------------------------*/
FoamFile
{
    version     2.0;
    format      ascii;
    class       surfaceScalarField;
    location    "100";
    object      heatFlux;
}
// * * * * * * * * * * * * * * * * * * * * * * * * * * * * * * * * * * * * * //

dimensions      [1 0 -3 0 0 0 0];

internalField   nonuniform List<scalar> 
7780
(
-0.00600713
-0.00739254
-0.00341491
-0.0170201
-0.00256984
-0.0244673
-0.00187277
-0.0308336
-0.00140286
-0.0358139
-0.00107717
-0.0398014
-0.000866818
-0.0430235
-0.000745112
-0.0457057
-0.000675337
-0.0480851
-0.000659229
-0.050327
-0.000647143
-0.0524866
-0.000648374
-0.0547029
-0.000656254
-0.0570138
-0.000644627
-0.0594181
-0.000609391
-0.0618535
-0.000505921
-0.0641567
-0.000258639
-0.0661087
0.00045653
-0.0663887
0.00310917
-0.0625448
-0.0434488
-0.0154263
-0.00556444
-0.0102916
-0.0151537
-0.00811813
-0.0235758
-0.00596939
-0.0304334
-0.00449847
-0.0359382
-0.00343807
-0.0404294
-0.00272175
-0.0441214
-0.00229816
-0.0471938
-0.00205642
-0.0498245
-0.00191484
-0.0521876
-0.00186341
-0.0544547
-0.00184523
-0.056627
-0.00183156
-0.0587939
-0.00176825
-0.0608957
-0.00161229
-0.0629303
-0.00130817
-0.0645676
-0.000367253
-0.0655097
0.0018638
-0.0644204
0.00970744
-0.0585659
-0.0368235
-0.0248601
-0.00530419
-0.0181116
-0.0153107
-0.0141277
-0.0238868
-0.0105225
-0.030913
-0.00800446
-0.0366147
-0.00615827
-0.0412535
-0.00485824
-0.0451672
-0.00402474
-0.0484825
-0.00352024
-0.0513086
-0.00324025
-0.053828
-0.00306212
-0.056106
-0.0029737
-0.0582076
-0.00286469
-0.0602109
-0.00271213
-0.0619739
-0.00232922
-0.0634961
-0.0016975
-0.064408
5.7613e-05
-0.0643466
0.00401901
-0.0616889
0.0172617
-0.0537659
-0.0304685
-0.0347587
-0.00511709
-0.0261186
-0.0151347
-0.020319
-0.0237367
-0.0152645
-0.0306376
-0.0116457
-0.0362339
-0.00905775
-0.0408817
-0.00717642
-0.0448203
-0.00588988
-0.0482034
-0.00508949
-0.0511556
-0.00457945
-0.0537484
-0.0042282
-0.0560954
-0.00402274
-0.0581989
-0.0037361
-0.0600505
-0.0034222
-0.0615287
-0.00273071
-0.0626175
-0.00167199
-0.0627568
0.00109997
-0.0615873
0.00695182
-0.0573545
0.0254011
-0.0474981
-0.0238725
-0.0447233
-0.00474884
-0.0341943
-0.0142265
-0.0264338
-0.0227117
-0.0199446
-0.0295042
-0.0153143
-0.0349739
-0.0119918
-0.0395205
-0.0095551
-0.0433089
-0.00784895
-0.0466389
-0.00671346
-0.0496051
-0.0059668
-0.0522682
-0.00540181
-0.0546599
-0.00499773
-0.0567219
-0.00447077
-0.0584505
-0.00393292
-0.0596507
-0.00279241
-0.0601892
-0.00118332
-0.0595677
0.00276927
-0.0572224
0.0106205
-0.0513386
0.0337009
-0.0396908
-0.0169478
-0.0542028
-0.00434046
-0.0422044
-0.0131581
-0.0324858
-0.0210675
-0.0245441
-0.0277682
-0.0189228
-0.0332093
-0.0148297
-0.0374968
-0.0119094
-0.041157
-0.00982824
-0.0443853
-0.0083907
-0.0473463
-0.00738841
-0.0500143
-0.00655861
-0.0523659
-0.00591302
-0.0543493
-0.00507059
-0.0558768
-0.0041869
-0.0567025
-0.00251575
-0.0566334
-0.000197909
-0.0550533
0.00510254
-0.0513369
0.01498
-0.0437612
0.0417348
-0.0305823
-0.0100729
-0.0630711
-0.00391966
-0.0497123
-0.0118371
-0.0384889
-0.0194238
-0.029145
-0.0259603
-0.0223446
-0.0311836
-0.0175866
-0.0353807
-0.0142044
-0.0388637
-0.011815
-0.0419694
-0.0100803
-0.0447996
-0.00879395
-0.0473971
-0.00767748
-0.0496412
-0.00672633
-0.0514586
-0.00548548
-0.0526297
-0.00415413
-0.0529646
-0.00180847
-0.0521159
0.00137223
-0.0494714
0.00812334
-0.0441836
0.0199398
-0.0349843
0.0490198
-0.0206266
-0.00381297
-0.0710781
-0.00356978
-0.0569538
-0.010828
-0.0443775
-0.0178571
-0.0335861
-0.0240462
-0.0257127
-0.0291985
-0.0202246
-0.0332773
-0.0164245
-0.0366436
-0.0137245
-0.0395989
-0.0117343
-0.0423006
-0.0101426
-0.0447222
-0.00870841
-0.0467399
-0.0073533
-0.048246
-0.00565468
-0.0489592
-0.00374941
-0.0486178
-0.000618145
-0.0467851
0.00361864
-0.0428746
0.0118119
-0.035996
0.0253732
-0.0253825
0.0550251
-0.0105837
0.00171347
-0.078459
-0.00326612
-0.0637002
-0.00992488
-0.0499839
-0.0164472
-0.0379911
-0.0223263
-0.029004
-0.0272688
-0.0227883
-0.0312405
-0.0185489
-0.034492
-0.0155574
-0.0373177
-0.0132849
-0.039836
-0.011362
-0.0420091
-0.00956743
-0.0437331
-0.00773727
-0.0447477
-0.00548121
-0.044847
-0.00287056
-0.0436715
0.00115178
-0.0406953
0.00655704
-0.0354259
0.016091
-0.0270412
0.0310045
-0.0154038
0.0594416
-0.00112173
0.0062726
-0.0852678
-0.00300289
-0.0699948
-0.00912443
-0.055339
-0.0151851
-0.0422401
-0.0207562
-0.0322266
-0.0254969
-0.0252783
-0.0293551
-0.0205913
-0.0325044
-0.0172753
-0.0351667
-0.0146841
-0.0374424
-0.0124096
-0.0392943
-0.0101493
-0.0405651
-0.00779105
-0.041026
-0.00488066
-0.0403093
-0.0014354
-0.0381301
0.00354992
-0.0339157
0.0101586
-0.027306
0.0208089
-0.0176761
0.0364693
-0.00565423
0.0621119
0.00701591
0.00970425
-0.091562
-0.00276473
-0.0758763
-0.00841807
-0.0604417
-0.0140731
-0.0463382
-0.019328
-0.0353745
-0.023884
-0.0277035
-0.02761
-0.0225261
-0.0306312
-0.0188364
-0.0330878
-0.015883
-0.0350768
-0.0131862
-0.0365163
-0.0104151
-0.0372343
-0.00740097
-0.0369647
-0.00376113
-0.0353532
0.000608031
-0.0320483
0.00657473
-0.0265947
0.0143179
-0.0187817
0.0257096
-0.00836438
0.0413441
0.00326878
0.0630882
0.0133675
0.0117559
-0.0974069
-0.00257132
-0.0813945
-0.0077987
-0.0652814
-0.0130876
-0.0502984
-0.0180572
-0.0384313
-0.0223958
-0.0300428
-0.0259606
-0.0243215
-0.028816
-0.0202083
-0.0310405
-0.0168201
-0.0326709
-0.0136273
-0.0336357
-0.0102588
-0.0336992
-0.00651898
-0.0325899
-0.00205388
-0.0299775
0.00326697
-0.0255275
0.01017
-0.0189264
0.0188423
-0.0101982
0.0304782
0.000396957
0.0452511
0.0108573
0.0624997
0.0177477
0.0124735
-0.102841
-0.00239381
-0.086584
-0.00728358
-0.0698837
-0.0122377
-0.0540905
-0.0169339
-0.0413721
-0.0210274
-0.032266
-0.0244106
-0.0259562
-0.0270609
-0.021339
-0.0289977
-0.0174517
-0.0302316
-0.0136666
-0.0306182
-0.0096119
-0.0299268
-0.00508122
-0.0279114
0.000257615
-0.0242312
0.00650315
-0.0186979
0.0142086
-0.0111579
0.0234693
-0.00195649
0.0347897
0.00814875
0.0479316
0.0167199
0.0605632
0.0201569
0.0122137
-0.107953
-0.00223679
-0.0914719
-0.00684075
-0.0742569
-0.0114907
-0.0576883
-0.0159023
-0.0441784
-0.0197855
-0.034341
-0.022937
-0.0273873
-0.0253155
-0.0221996
-0.0269348
-0.0177061
-0.0276801
-0.013237
-0.0274067
-0.0084302
-0.0259132
-0.00304459
-0.022918
0.00314771
-0.0182113
0.0102202
-0.0117428
0.0184897
-0.00359199
0.0279069
0.00555647
0.0383421
0.0145426
0.0492761
0.0207644
0.0576306
0.020927
0.011358
-0.112792
-0.00212441
-0.0960851
-0.0064596
-0.0783878
-0.0108526
-0.0611201
-0.0150111
-0.0468071
-0.0186394
-0.0362134
-0.021534
-0.0285905
-0.0236223
-0.0227223
-0.0248221
-0.0175252
-0.0249989
-0.012304
-0.0240104
-0.0066643
-0.0216402
-0.000425431
-0.0176877
0.00654495
-0.0120649
0.0142605
-0.00489393
0.0227698
0.00346163
0.0318748
0.012043
0.0409351
0.019397
0.04934
0.0230645
0.0540782
0.0204757
0.0102406
-0.117375
-0.0020377
-0.100468
-0.00614484
-0.0823032
-0.010315
-0.0643443
-0.0142256
-0.0492349
-0.0175723
-0.0378666
-0.0201701
-0.029487
-0.0219193
-0.0228469
-0.0226367
-0.0168673
-0.0221864
-0.0108152
-0.0204198
-0.00432105
-0.0171592
0.00272083
-0.0123128
0.010332
-0.00594986
0.0184253
0.00161642
0.0268068
0.00974657
0.0351401
0.0172865
0.0424719
0.0226752
0.0483161
0.0239411
0.0502575
0.0193133
0.00901086
-0.12174
-0.00193957
-0.104651
-0.00591482
-0.0860057
-0.00987674
-0.0673348
-0.0135321
-0.0514258
-0.0165887
-0.0392589
-0.0188726
-0.0300259
-0.0201724
-0.0225276
-0.0203457
-0.015685
-0.019227
-0.00875576
-0.0166484
-0.00143192
-0.0125197
0.0063009
-0.00690643
0.01435
-3.58126e-05
0.0225001
0.00757277
0.0303735
0.0150612
0.0375459
0.0211932
0.0430054
0.0245221
0.0464756
0.0236769
0.0463903
0.0177108
0.00786617
-0.125988
-0.00189396
-0.108647
-0.00571341
-0.0894856
-0.00948908
-0.0700812
-0.01293
-0.0533626
-0.015678
-0.0402993
-0.0175832
-0.0301568
-0.0183773
-0.02173
-0.01794
-0.0139498
-0.0160899
-0.00613351
-0.0127087
0.00193288
-0.00781238
0.010188
-0.00160459
0.0184127
0.00549274
0.0262741
0.0127859
0.0332902
0.0192872
0.0390404
0.0238414
0.0426472
0.025226
0.0440897
0.0226395
0.0426746
0.0159668
0.00680573
-0.130093
-0.00185418
-0.112476
-0.00556745
-0.0927794
-0.00920292
-0.072564
-0.012368
-0.0549873
-0.0148195
-0.0409384
-0.0162721
-0.0298246
-0.0165295
-0.0204036
-0.0154216
-0.011662
-0.0128189
-0.00300654
-0.00866087
0.00567465
-0.00312094
0.0142256
0.00346051
0.0223287
0.0104939
0.0295687
0.0171398
0.0354685
0.0224071
0.0396654
0.0253052
0.0415453
0.0250234
0.0414064
0.0211632
0.0391976
0.0142403
0.0058794
-0.134105
-0.00184941
-0.116184
-0.00542934
-0.095826
-0.00898834
-0.0747912
-0.0118768
-0.0562328
-0.0139697
-0.0411466
-0.0149245
-0.0289784
-0.0145946
-0.0185274
-0.0127915
-0.00883285
-0.0094243
0.000551041
-0.00458104
0.00966362
0.00145453
0.018249
0.00816726
0.0259169
0.0148379
0.0322527
0.0205628
0.0368623
0.0244847
0.0395376
0.025855
0.0398914
0.0241015
0.0386072
0.0194454
0.0360068
0.0126055
0.0051195
-0.137995
-0.00184177
-0.119834
-0.00542431
-0.0986218
-0.00875922
-0.0767031
-0.011483
-0.057056
-0.0131182
-0.0408782
-0.0135748
-0.0275935
-0.0125715
-0.0160866
-0.010026
-0.00551927
-0.00594486
0.00444836
-0.000521458
0.0137547
0.00581541
0.022086
0.0124167
0.0290249
0.0184516
0.0342622
0.0231307
0.037525
0.0256827
0.0387372
0.0256151
0.0378857
0.0227786
0.0358261
0.0176649
0.0331341
0.0111135
0.00446335
-0.141909
-0.00186694
-0.123273
-0.0054633
-0.101273
-0.00866296
-0.0782051
-0.0110241
-0.0574519
-0.0122991
-0.0400572
-0.0121396
-0.0256276
-0.0104574
-0.0131118
-0.00718486
-0.00178824
-0.00243215
0.00856289
0.00343553
0.0178001
0.00985843
0.0255765
0.0160924
0.0315792
0.0213174
0.035577
0.0248186
0.0374921
0.0260813
0.0374353
0.0248144
0.0356705
0.0212039
0.0331477
0.0159155
0.030568
0.00979466
0.00391479
-0.14586
-0.00190394
-0.126591
-0.00551639
-0.103583
-0.00857612
-0.0793829
-0.0106924
-0.0573128
-0.0114449
-0.0386732
-0.0106438
-0.0230862
-0.00823746
-0.00962838
-0.00425213
0.00227079
0.00106938
0.0127564
0.00722466
0.0216415
0.0135274
0.0286153
0.0191606
0.0335011
0.0234429
0.0362312
0.0257743
0.0368727
0.0258348
0.0357691
0.0236215
0.0333671
0.0195195
0.0306314
0.0142738
0.0282866
0.00865158
0.00345921
-0.149851
-0.0019671
-0.129781
-0.0055961
-0.105666
-0.00857839
-0.0800817
-0.0103608
-0.0566106
-0.0105417
-0.0366823
-0.00906063
-0.0199742
-0.00591377
-0.00570646
-0.00124783
0.00655233
0.00451723
0.0168942
0.0107615
0.025132
0.0167043
0.0311197
0.0216219
0.0347879
0.0248859
0.0362627
0.0260833
0.0357845
0.0251144
0.0338655
0.0221878
0.0310695
0.0178286
0.0283073
0.0127642
0.0262608
0.00765442
0.0030797
-0.153882
-0.0020607
-0.132907
-0.00576894
-0.10743
-0.00862687
-0.0802506
-0.00999236
-0.0553052
-0.00959658
-0.0340644
-0.0073924
-0.0163106
-0.00349141
-0.00143413
0.00178263
0.0109198
0.00784728
0.0208173
0.0140029
0.028196
0.0194484
0.0330391
0.0235138
0.0354524
0.0257126
0.0357552
0.0258698
0.0343375
0.0240456
0.0318314
0.0206384
0.0288391
0.0161968
0.0261833
0.0114067
0.0244661
0.0068152
0.00276368
-0.158024
-0.00219302
-0.13592
-0.00602403
-0.108788
-0.00871045
-0.079879
-0.00963442
-0.0533515
-0.00857842
-0.0308011
-0.00559429
-0.0121466
-0.00096803
0.0030851
0.00480666
0.0152491
0.0110284
0.024432
0.0168803
0.030743
0.0216758
0.0343392
0.0248105
0.0355401
0.0260009
0.0347944
0.0252352
0.0326436
0.022759
0.0297474
0.0190468
0.0267179
0.0146623
0.0242642
0.0102068
0.0228678
0.00610318
0.00248069
-0.162327
-0.00236574
-0.138768
-0.00634867
-0.109713
-0.00884423
-0.0788818
-0.00925007
-0.050692
-0.00745183
-0.0269096
-0.00366828
-0.00756202
0.00163573
0.00774708
0.00778482
0.0193876
0.0139572
0.0276329
0.019381
0.0327177
0.0233966
0.035047
0.0255934
0.0351104
0.025832
0.0334828
0.0242915
0.0307879
0.0213452
0.0276788
0.0174876
0.0247338
0.013257
0.0225395
0.0091529
0.0214309
0.00547852
0.0022482
-0.166825
-0.00258917
-0.141428
-0.00675765
-0.110121
-0.00902136
-0.0771743
-0.00882313
-0.0473013
-0.00620916
-0.0224234
-0.00161349
-0.0026532
0.0043142
0.0123976
0.0106797
0.0232446
0.0166565
0.030328
0.0215045
0.0341094
0.0246572
0.0351896
0.0258962
0.0342412
0.0253079
0.0319137
0.0231536
0.0288489
0.0198767
0.0256717
0.0159865
0.0228962
0.0119895
0.0209867
0.00825203
0.0201424
0.00492558
0.00206147
-0.171559
-0.00287822
-0.143854
-0.00726632
-0.109921
-0.00923685
-0.0746786
-0.00832996
-0.04316
-0.00482323
-0.0173819
0.000593822
0.00245655
0.00702051
0.0169257
0.0134803
0.0267112
0.0190906
0.0324557
0.023199
0.0348986
0.0254463
0.034836
0.0258234
0.0330188
0.0244989
0.0301589
0.0218724
0.0268826
0.0183992
0.0237649
0.0145797
0.0212134
0.0108245
0.0195731
0.00744809
0.0189937
0.00447476
0.00188283
-0.17657
-0.00325244
-0.145978
-0.00789258
-0.108998
-0.00948198
-0.071312
-0.00773947
-0.0382515
-0.00326496
-0.0118857
0.00294557
0.00767061
0.00975424
0.0211998
0.0161201
0.0296652
0.0212167
0.0339807
0.0244949
0.0351401
0.0258604
0.0340353
0.025421
0.0315202
0.0234888
0.0282886
0.0205138
0.0249414
0.0169584
0.0219636
0.0132805
0.0196848
0.00980905
0.0183026
0.00674738
0.0179484
0.00408973
0.00173258
-0.181898
-0.00372468
-0.147701
-0.00866004
-0.107216
-0.00974365
-0.0669924
-0.00701554
-0.0325929
-0.0015098
-0.00603062
0.00545281
0.0128374
0.0124881
0.025104
0.0185736
0.0320353
0.0230006
0.0349125
0.0254139
0.0348571
0.0259112
0.0328608
0.0247394
0.0298135
0.0223235
0.0263634
0.0191079
0.0230618
0.015569
0.0202892
0.0120868
0.018291
0.00891518
0.0171607
0.00612759
0.0169925
0.00371607
0.00160777
-0.187596
-0.00423075
-0.148881
-0.00958706
-0.10441
-0.00994665
-0.0616479
-0.00607756
-0.0262139
0.000507616
5.28148e-05
0.008095
0.0178039
0.0151944
0.0285139
0.0208151
0.0337898
0.0244412
0.0352537
0.0259782
0.0340983
0.0256357
0.0313841
0.0238474
0.0279585
0.021057
0.0244366
0.0177211
0.0212724
0.0142757
0.0187509
0.0110163
0.0170149
0.00810738
0.0161188
0.00558587
0.0161328
0.0034096
0.00148461
-0.193815
-0.00475022
-0.149275
-0.0102536
-0.100408
-0.00993145
-0.0552202
-0.00482998
-0.019224
0.00282498
0.00622571
0.0108892
0.0224165
0.0178345
0.0313225
0.022808
0.0349133
0.0255351
0.0350175
0.0261975
0.0329338
0.0251016
0.0296691
0.0227893
0.0260234
0.0197263
0.0225503
0.0163776
0.0195882
0.013064
0.0173322
0.0100446
0.0158543
0.0073797
0.0151734
0.00509676
0.0153435
0.00312798
0.00137715
-0.200239
-0.00358688
-0.148921
-0.00918206
-0.0951034
-0.00880371
-0.0477069
-0.00288387
-0.0117537
0.00556535
0.012298
0.0138396
0.0265205
0.0203732
0.0334465
0.0245238
0.0354003
0.0263005
0.0342571
0.0260837
0.0314197
0.0243468
0.0277761
0.0216093
0.0240702
0.0183912
0.0207261
0.0150755
0.0180194
0.0119544
0.0160254
0.00915267
0.0147976
0.00674457
0.0143133
0.00466711
0.0146216
0.00289288
0.00127338
-0.206807
0.00883943
-0.148501
0.00128836
-0.0889132
-0.00349062
-0.0393681
0.000766579
-0.00404647
0.00903502
0.018042
0.0169836
0.0299644
0.0227755
0.0348379
0.0259327
0.03524
0.0267165
0.0330455
0.0256656
0.0296172
0.0233837
0.0257764
0.0203481
0.0221255
0.0170572
0.0189983
0.0138413
0.0165556
0.0109048
0.0148379
0.00833939
0.0138308
0.00616421
0.013534
0.00428762
0.0139502
0.00267348
0.00117976
-0.21572
0.0989218
-0.153825
0.0684875
-0.0844369
0.0235362
-0.0311626
0.0111649
0.00339844
0.0143782
0.0231621
0.0205159
0.0325986
0.025029
0.0354551
0.0270115
0.0344589
0.0267921
0.0314448
0.0249956
0.0276074
0.0222394
0.02372
0.0190302
0.0202289
0.0157506
0.0173638
0.0126775
0.0152078
0.00995414
0.0137594
0.00762253
0.0129526
0.00563763
0.012821
0.0039417
0.0133275
0.00245551
0.00110923
-0.251843
0.758631
-0.204181
0.482519
-0.0975169
0.164042
-0.0279561
0.0516928
0.00917904
0.0268101
0.0271738
0.0253938
0.0342619
0.0272467
0.0352814
0.0277532
0.0331163
0.0265298
0.0295007
0.0240799
0.025471
0.0209696
0.0216593
0.0176631
0.0184065
0.014474
0.0158395
0.0116041
0.0139761
0.00908263
0.0127697
0.00697046
0.0121545
0.00516098
0.012161
0.00363008
0.0127632
0.00228026
0.00102301
-0.581376
6.21132
-0.562921
3.3637
-0.216959
0.992454
-0.0529236
0.25041
0.00783772
0.0713564
0.0288301
0.0359783
0.0346891
0.0300771
0.0343074
0.028233
0.0312752
0.0259451
0.0272947
0.0229427
0.0232576
0.0196036
0.0196444
0.0162916
0.0166951
0.0132457
0.0144204
0.0105605
0.0128541
0.00829212
0.0118625
0.00636446
0.0114301
0.00473673
0.0115581
0.00333558
0.0122333
0.00210275
0.000955875
-3.99881
59.3053
-3.24877
26.3502
-1.01022
6.37919
-0.233582
1.34078
-0.0258519
0.273286
0.0235262
0.07174
0.0331248
0.0361991
0.0324756
0.0287771
0.0290064
0.0250849
0.0249133
0.0216132
0.0210283
0.0181597
0.0177093
0.0149319
0.0150851
0.012065
0.0131367
0.0096089
0.0118245
0.00756185
0.011042
0.00582299
0.0107634
0.00435115
0.0110045
0.00307701
0.0117472
0.0019445
0.000897191
-43.7751
698.641
-25.9972
256.216
-6.42638
47.4137
-1.31661
7.868
-0.218842
1.25718
-0.00859397
0.213628
0.0267941
0.0554054
0.0295032
0.0304699
0.0263685
0.0240547
0.0224367
0.0201077
0.0188435
0.0166472
0.0158778
0.0135835
0.0136042
0.0109463
0.0119718
0.00873518
0.0108906
0.00686742
0.0102959
0.00531469
0.0101539
0.00399255
0.0104931
0.00283668
0.0113008
0.00180214
0.00083422
-582.38
8466.55
-265.405
2631.01
-49.1814
361.35
-8.06102
45.2969
-1.22363
5.70749
-0.152379
0.728191
0.00540692
0.11285
0.02431
0.03556
0.0233529
0.0229558
0.0199413
0.0183571
0.0167584
0.0149963
0.0141838
0.0121833
0.0122637
0.00981695
0.0109031
0.007838
0.010052
0.00622515
0.00962195
0.00485019
0.00959779
0.00366141
0.0100234
0.00260865
0.010886
0.00167193
0.000775418
-7941.6
19854.8
-2899.57
13868.7
-393.265
1800.37
-48.6828
178.681
-6.04466
18.7433
-0.714672
1.91464
-0.0612512
0.226259
0.0140502
0.0443845
0.0198199
0.0212363
0.0175044
0.0158914
0.0148333
0.0128625
0.0126554
0.0104843
0.0110573
0.00852804
0.00997507
0.00693819
0.00930534
0.00562677
0.00901266
0.00437025
0.00908852
0.00332185
0.00959572
0.00235218
0.0104997
0.00152144
0.000724932
-15394.1
-727.336
-16901
26205.3
-2172.13
3693.17
-213.827
317.545
-22.4302
31.8923
-2.26605
4.08521
-0.218977
0.533134
-0.00489653
0.08445
0.0156909
0.0261327
0.015296
0.0167206
0.0131967
0.0131222
0.0113848
0.0105889
0.0100827
0.00857962
0.00921634
0.00700376
0.00861921
0.00530371
0.00847234
0.00421204
0.00861685
0.00311846
0.00921433
0.00227615
0.0101546
0.00145676
0.0006816
17607.2
-1991.21
-42483
6151.76
-5844.33
3956.16
-510.624
383.022
-49.6602
42.2574
-5.54805
4.74613
-0.610241
0.594375
-0.0528935
0.0906483
0.00837966
0.0274947
0.0126578
0.0159323
0.0114438
0.0121283
0.0100726
0.00965172
0.00911136
0.0076013
0.00822732
0.00567541
0.0080198
0.00458614
0.00790561
0.00362998
0.00820486
0.00281641
0.00883607
0.00209099
0.00981684
0.00135418
0.000627828
27400.2
-1791.15
-45318.2
-693.321
-9679.64
5675.82
-866.465
669.283
-86.605
67.0893
-9.4055
7.7364
-1.05194
0.928483
-0.105159
0.121575
-0.000651612
0.0242332
0.00985344
0.0118401
0.00972059
0.00894002
0.00872605
0.00732904
0.00791768
0.00605152
0.00759012
0.0050427
0.00749188
0.00430305
0.00748166
0.00328083
0.00784808
0.00260152
0.00849405
0.00180401
0.00949861
0.00120658
0.000588239
28686.3
-1236.58
-38324.5
-818.218
-15051
5096.52
-1497.67
948.737
-145.403
101.133
-15.7661
11.8615
-1.7634
1.44828
-0.186164
0.183675
-0.0103854
0.0315251
0.00770365
0.012054
0.00859349
0.00825411
0.00788246
0.00654832
0.00728895
0.00546065
0.00715504
0.00468548
0.00692437
0.00373339
0.00712571
0.00291683
0.00745368
0.00222769
0.00821519
0.00173298
0.00922621
0.00113071
0.000551952
29163.9
-972.037
-31538.2
-944.272
-19564.5
4977.74
-2387.3
1095.86
-234.359
126.321
-25.5498
16.2398
-2.88461
2.16416
-0.313479
0.286721
-0.0257629
0.0434071
0.00487123
0.0129065
0.00739343
0.00808564
0.00716026
0.0064863
0.00680316
0.00541905
0.0065919
0.00457807
0.00646853
0.00382172
0.00676261
0.00326667
0.00720767
0.00245346
0.00793252
0.00176907
0.00896983
0.00113257
0.00052379
29161.6
-802.353
-24588
-765.222
-23840.9
4937.52
-3404.89
1331.51
-344.685
165.106
-38.8491
20.7348
-4.5584
2.74703
-0.518206
0.369479
-0.0499846
0.0550601
0.00125787
0.0137586
0.00626204
0.00764783
0.00644769
0.00603037
0.00627321
0.00506468
0.00614206
0.00423892
0.00615696
0.00346357
0.00633178
0.00293856
0.00686545
0.00224829
0.00763213
0.00148091
0.00869866
0.000973541
0.000485477
29177.8
-629.427
-17819.6
-569.291
-27869.7
4691
-4628.87
1397.81
-490.183
170.125
-55.9409
22.5099
-6.68983
3.17505
-0.784227
0.437897
-0.0829652
0.0637101
-0.00334759
0.0141385
0.0051115
0.00716977
0.00579937
0.00553587
0.00574997
0.0045743
0.00567837
0.00372557
0.00586061
0.00296976
0.00596404
0.00218175
0.00647961
0.00170896
0.00739136
0.00133531
0.00848006
0.000940482
0.000467082
29227.1
-553.442
-11532
-546.595
-31584.7
4602.38
-5917.34
1695.8
-639.737
239.892
-74.4168
30.4628
-9.15727
4.04205
-1.10257
0.541355
-0.122769
0.0756155
-0.00862879
0.0146291
0.00394283
0.00642158
0.00515023
0.00477331
0.0052092
0.00396116
0.00522386
0.00332368
0.00541336
0.00286608
0.00571078
0.00217118
0.00629069
0.00175431
0.00720295
0.00137097
0.00826685
0.000864772
0.000429745
29213
-447.532
-5343.01
-406.541
-34911.6
4347.96
-7447.83
1605.21
-852.974
218.78
-99.8074
29.3
-12.3306
4.31659
-1.501
0.616316
-0.172009
0.0864596
-0.0148832
0.0152793
0.00275736
0.00583753
0.00459892
0.00416072
0.00480078
0.00345719
0.00494716
0.00288034
0.00501677
0.00226512
0.00548623
0.00182397
0.00609581
0.00148003
0.00696006
0.00117627
0.00806985
0.000813682
0.000409723
29244.9
-407.727
393.749
-389.088
-38059.5
4074.33
-8908.54
1916.56
-1046.8
332.479
-123.953
43.7066
-15.7035
5.83517
-1.95678
0.777021
-0.229798
0.104087
-0.022118
0.0167178
0.00154468
0.00549657
0.00411871
0.00374246
0.00442916
0.00314496
0.00457309
0.00270275
0.00476361
0.00230943
0.00529994
0.00221037
0.00594053
0.00167536
0.00678512
0.00113249
0.00788589
0.000757554
0.000388028
29250.4
-364.451
5799.22
-281.681
-40584.4
4304.73
-10588.3
1886.38
-1343.46
283.164
-160.763
36.7173
-20.3398
5.521
-2.53886
0.823285
-0.301124
0.116233
-0.0307639
0.0181268
0.000269077
0.00529599
0.00370861
0.00343582
0.0041427
0.00288508
0.00433261
0.00248219
0.00470645
0.00207003
0.00500856
0.00164784
0.00566148
0.00137922
0.00660322
0.00105394
0.00771669
0.000770679
0.000383717
29339.3
-344.555
11368.8
-371.771
-43404.4
2912.82
-12294.3
1989.3
-1597.65
421.191
-191.257
57.9107
-24.6698
8.07206
-3.15383
1.09847
-0.381658
0.144868
-0.0407048
0.0208101
-0.00109115
0.00528146
0.00332852
0.00319314
0.00388026
0.00267432
0.00407923
0.00233985
0.00446147
0.00205714
0.00486145
0.00163534
0.00549335
0.00122881
0.00646504
0.00100744
0.00753852
0.000672079
0.000355707
29289.5
-353.507
15370.9
-605.13
-44539.6
-162.869
-13984
1511.96
-1973.76
357.189
-240.249
51.6009
-31.1334
7.65737
-3.98784
1.08831
-0.484059
0.147618
-0.0528024
0.0210097
-0.00262665
0.00494039
0.00296847
0.00284382
0.00366119
0.00239693
0.00390447
0.00214387
0.00421537
0.00194142
0.00463758
0.00160843
0.00537829
0.00142404
0.00630054
0.00105005
0.00739205
0.000714731
0.000356828
28953.3
-337.402
15913.9
-615.088
-42668.1
-328.984
-15239.5
1433.06
-2291.25
406.417
-283.689
62.6967
-37.2561
8.99465
-4.81513
1.25923
-0.589144
0.169992
-0.0653906
0.0237063
-0.00417675
0.00515614
0.00265662
0.00277509
0.00349451
0.0022803
0.00377862
0.00195781
0.00402001
0.00156292
0.00453549
0.00134075
0.00518283
0.00105777
0.00613514
0.000844829
0.00722543
0.000608795
0.000334826
28583.1
-307.194
16269.9
-607.133
-40668.6
-438.43
-16369.6
1333.09
-2649.71
430.817
-337.072
68.6686
-44.5063
9.78896
-5.77836
1.37099
-0.711234
0.185247
-0.0800026
0.0253966
-0.00594693
0.00516807
0.00230944
0.00262714
0.00328094
0.00216007
0.0035318
0.00193132
0.00388894
0.00177389
0.00437792
0.00157011
0.00507093
0.00129731
0.00601807
0.000978608
0.00709718
0.000676482
0.000339629
28182.9
-286.534
16481.3
-614.648
-38624.9
-476.753
-17374.2
1373.96
-3028.8
463.413
-395.926
74.8297
-52.4403
10.5714
-6.83276
1.47876
-0.845383
0.199635
-0.0960249
0.0269676
-0.00784644
0.00518129
0.0019799
0.00248628
0.00312861
0.00201729
0.00343285
0.00178085
0.00376806
0.00155534
0.00422519
0.00130769
0.00490252
0.00104582
0.00586739
0.000826859
0.00693862
0.000593229
0.000318484
27744.3
-272.817
16654.8
-626.407
-36463.9
-451.177
-18395.6
1486.67
-3437.06
502.079
-460.509
82.202
-61.0582
11.3987
-7.9765
1.58345
-0.99109
0.213429
-0.113377
0.0284377
-0.00987228
0.00519959
0.00164717
0.00237227
0.00297029
0.00191087
0.00329033
0.00169159
0.00362034
0.00147636
0.00407777
0.0012243
0.00478618
0.00100718
0.00575023
0.000818683
0.00680857
0.000588993
0.000317957
27270
-269.143
16876.2
-643.983
-34179.6
-441.411
-19505.4
1604.89
-3879.84
561.186
-532.055
91.8929
-70.4132
12.276
-9.20832
1.68451
-1.14806
0.226302
-0.131987
0.0297751
-0.0120093
0.00522499
0.001318
0.00228726
0.00282264
0.00183209
0.00315356
0.00162946
0.00346916
0.00144353
0.00395486
0.00128279
0.00468547
0.00106728
0.0056344
0.000823254
0.00667958
0.000598981
0.000320271
26765.1
-262.317
17133.3
-666.081
-31745.4
-448.912
-20689.7
1756.22
-4376.56
637.727
-612.938
103.431
-80.5645
13.1218
-10.5267
1.76959
-1.31575
0.23683
-0.151757
0.0308356
-0.0142422
0.00525158
0.000991494
0.00223885
0.00268545
0.00179198
0.00303474
0.00159812
0.00337221
0.00140584
0.00383219
0.00118574
0.00455437
0.00106838
0.00552068
0.000837686
0.0065462
0.000558796
0.000312699
26218.7
-247.705
17410.1
-650.676
-29099.2
-459.805
-21967.3
1918.69
-4944.09
716.138
-705.164
118.053
-91.506
13.881
-11.9202
1.84292
-1.49248
0.246652
-0.172473
0.0317584
-0.0165447
0.00526048
0.000669164
0.00219805
0.00255348
0.0017624
0.00291119
0.00158095
0.00323874
0.00141987
0.00376501
0.00126866
0.00442975
0.000985338
0.00537849
0.000789689
0.00642777
0.000621819
0.000323633
25671.1
-254.195
17654.2
-639.185
-26221.1
-454.758
-23348.8
2044.27
-5581.77
844.565
-812.093
135.28
-103.174
14.2786
-13.3794
1.88452
-1.67787
0.252812
-0.194049
0.0321562
-0.0188981
0.0051917
0.00035318
0.0021183
0.00242926
0.00169119
0.00280712
0.00150788
0.00314653
0.00132343
0.00360195
0.00110069
0.00432347
0.000861884
0.00529242
0.000721241
0.00628348
0.000532354
0.000314454
25144.5
-231.944
17891
-615.154
-23174.3
-448.28
-24740.4
2182.08
-6340.62
989.515
-936.918
143.121
-115.254
14.0841
-14.8794
1.90693
-1.86929
0.257404
-0.216126
0.0322499
-0.021273
0.00510149
4.16812e-05
0.00207655
0.00230307
0.00167261
0.00268728
0.00150764
0.00300995
0.00134888
0.00346374
0.00116739
0.00424665
0.00114269
0.00519505
0.000911545
0.00617746
0.000627295
0.000324235
24617.8
-202.323
18106
-502.365
-19944.9
-432.006
-26136.4
2332.33
-7248.64
1070.78
-1070.68
158.736
-127.189
14.5004
-16.4041
1.94872
-2.06569
0.261267
-0.238476
0.0323155
-0.0236234
0.005119
-0.000254554
0.00215156
0.00218889
0.00175869
0.00258357
0.00160016
0.00289806
0.00145942
0.00344937
0.00129857
0.00411969
0.00100182
0.0050477
0.000745402
0.00602919
0.000553769
0.000315979
24203.2
-215.86
18195.8
-470.405
-16528.9
-383.564
-27618
2183.25
-8230.85
1134.61
-1220.89
156.165
-139.56
13.8008
-17.9726
1.94692
-2.26651
0.265242
-0.26099
0.0320399
-0.025942
0.00494984
-0.00054427
0.00207794
0.00207856
0.001686
0.00249111
0.00150207
0.00279834
0.00131656
0.00327572
0.00116555
0.00397808
0.000946948
0.00494781
0.000771632
0.0059122
0.000584695
0.000330699
23848.3
-160.382
18307.6
-266.293
-13337.9
-315.077
-28864.1
2038.52
-9288.14
1233.67
-1369.84
108.217
-151.308
15.1888
-19.5443
1.56274
-2.47219
0.212122
-0.28354
0.0255449
-0.0281983
0.00409203
-0.000834892
0.00186221
0.00194983
0.0015641
0.00236858
0.00144151
0.00270419
0.00132307
0.0031471
0.0010418
0.00388072
0.00090862
0.00484983
0.000773536
0.00578655
0.000575621
0.000319367
23698.1
-36.431
18241
39.4863
-10396.7
-167.271
-29837.1
1874.65
-10504.5
1103.91
-1467.63
50.074
-164.888
10.5156
-20.8137
1.50903
-2.63766
0.180544
-0.301497
0.0209988
-0.0299598
0.00360271
-0.00105716
0.00183248
0.00186356
0.00155405
0.00228991
0.00137059
0.00252787
0.00118765
0.00306831
0.0010096
0.00380528
0.000851826
0.00474552
0.000715803
0.00565908
0.000568928
0.000326542
23802.8
26.6834
17963.2
118.648
-7832.86
18.6695
-30766.9
782.466
-11643.1
529.64
-1509.44
0.408462
-173.915
4.2964
-22.0692
1.2664
-2.77994
0.170929
-0.316139
0.0208655
-0.031366
0.00362164
-0.00126591
0.00183555
0.00173374
0.00156606
0.00216774
0.00140081
0.00241564
0.00123524
0.00297444
0.00124385
0.00372891
0.00106453
0.00466768
0.000840609
0.00553785
0.000601971
0.00033024
23931.8
84.1466
17828.5
251.064
-6870.59
79.8221
-31076.9
-113.805
-12214.2
-1.41007
-1505.32
-34.1261
-176.968
-2.0845
-23.1102
0.945181
-2.9145
0.206114
-0.330732
0.0288451
-0.0327927
0.00460291
-0.00146908
0.00194404
0.00161616
0.00159723
0.00205654
0.00141881
0.0024211
0.00121424
0.00286717
0.00107539
0.00360248
0.00103466
0.00454051
0.000838024
0.00540118
0.000592541
0.000329038
24168
170.124
17598.1
408.089
-7117.6
157.967
-30943.8
-549.983
-12246.2
-239.351
-1471.09
-104.981
-173.898
-6.7672
-23.8164
1.55764
-3.07435
0.336045
-0.351362
0.0488542
-0.0349282
0.00678941
-0.00173197
0.00209229
0.0014885
0.00157225
0.0019184
0.00141604
0.00233261
0.00131334
0.00284267
0.00114967
0.00349084
0.000871986
0.00440897
0.000737837
0.00526792
0.000570347
0.000330869
24507.5
323.725
17260.1
679.972
-8023.21
318.007
-30567.8
-1333.63
-12089
-699.617
-1365.54
-177.979
-165.415
-1.90724
-24.9902
2.65478
-3.33473
0.568481
-0.387358
0.085981
-0.0387218
0.0109036
-0.00212838
0.00238473
0.00137612
0.00153746
0.00184867
0.001348
0.00222772
0.00117336
0.00267471
0.000968749
0.00341426
0.000852069
0.00431873
0.000738532
0.00514613
0.000584629
0.0003267
25020.2
279.427
16768.8
788.962
-10147.3
533.591
-29790.1
-2459.53
-11499.2
-1451.89
-1175.11
-182.922
-160.741
8.29709
-27.0059
4.96891
-3.77463
1.01651
-0.451958
0.155573
-0.04564
0.0186956
-0.00277779
0.00302305
0.00123907
0.00157534
0.00172943
0.00135568
0.00209587
0.00124977
0.00260374
0.0011074
0.00334909
0.00103924
0.00423535
0.000804506
0.00501424
0.000580389
0.00033621
25753.8
295.368
16420.7
536.186
-14018.3
366.572
-28535.6
-2718.11
-10083
-1885.76
-966.872
-135.837
-164.169
24.2734
-30.8459
8.27639
-4.56389
1.54936
-0.570386
0.244155
-0.0584382
0.0296253
-0.00389357
0.00398715
0.00107928
0.00161267
0.00165672
0.00133497
0.00200361
0.00120188
0.00256206
0.00108555
0.00321359
0.000846004
0.00411325
0.00073052
0.00488869
0.000572885
0.000323332
26105.2
436.635
16189.3
834.654
-18023
449.493
-27456
-3458.04
-8124.55
-1925.93
-791.355
-45.9685
-180.741
52.6796
-37.4182
14.1281
-5.76708
2.38879
-0.757028
0.378435
-0.0794902
0.046575
-0.00573376
0.00549606
0.000876155
0.00165566
0.00156484
0.00127869
0.00192781
0.00113362
0.00241475
0.000980911
0.00314656
0.000884036
0.0040269
0.000732751
0.00475966
0.000563276
0.000324646
26688.1
171.141
15659
792.894
-23116.9
746.239
-25505.7
-3556.92
-5998.5
-1169.37
-682.532
54.8427
-220.904
101.365
-48.9519
23.0969
-7.6306
3.72112
-1.04735
0.619749
-0.113408
0.0770851
-0.0087265
0.00827052
0.000598896
0.0017841
0.00146413
0.00123306
0.00182776
0.00109126
0.00235485
0.000985996
0.00305827
0.000849802
0.00393354
0.00072221
0.0046356
0.000569463
0.000325579
27593.5
-69.2742
15595.2
-22.7744
-28750.6
214.913
-22557.3
-1155.03
-4595.35
-178.371
-630.888
205.459
-302.908
151.874
-68.0961
36.3039
-10.5214
5.2219
-1.52471
0.887747
-0.17054
0.114336
-0.0138092
0.0119732
0.000191362
0.00202696
0.00136516
0.00124304
0.0017584
0.00110232
0.00227016
0.00100464
0.00298339
0.000906342
0.00384894
0.000758163
0.00450811
0.00056765
0.000319878
27659
-201.017
15927.2
-544.841
-30545.4
-118.767
-21369.2
509.673
-4152.83
332.829
-690.654
457.834
-424.674
334.612
-98.9827
67.7313
-14.5839
7.88246
-2.20883
1.22032
-0.255996
0.154405
-0.0216462
0.0155874
-0.000391613
0.00218662
0.00126639
0.00118505
0.0016937
0.00104494
0.0022087
0.000946863
0.00289595
0.000830421
0.00374283
0.000700829
0.00437786
0.000544022
0.000318745
27147.9
-329.858
16523.7
-1363.79
-29713.2
-534.389
-21609.6
2594.24
-4010.73
1473.25
-828.885
1028.44
-707.397
594.216
-158.802
108.032
-20.8633
13.4323
-3.15691
1.89744
-0.372527
0.236177
-0.0322635
0.0226701
-0.00114057
0.00260322
0.00116751
0.00117581
0.00162837
0.00101168
0.0021355
0.000907139
0.00281905
0.000791732
0.00365502
0.000666092
0.00425879
0.00052832
0.000307855
25611.1
-507.015
17691.4
-1980.97
-25555.3
-1167.78
-23074.2
4203.04
-4543.47
2756.01
-1319.28
1598.97
-1224.67
967.891
-253.908
161.841
-31.7968
19.9032
-4.64272
2.49132
-0.55275
0.30878
-0.0482503
0.0286719
-0.00221387
0.00297549
0.00105103
0.00119123
0.00155835
0.00100702
0.00206254
0.000896586
0.00274409
0.000797079
0.00357743
0.000739529
0.00414161
0.000560445
0.000310558
23407.2
-634.825
18844.3
-2252.87
-18350.6
-1758.91
-24979.3
12309.9
-5931.39
7034.57
-2035.8
2669.65
-2084.23
1385.52
-397.42
217.78
-48.3944
28.6753
-6.60561
3.28322
-0.7905
0.347097
-0.0688355
0.0299664
-0.00356291
0.00294908
0.000919574
0.00116321
0.00148397
0.00100415
0.00199929
0.000929353
0.00270956
0.000851312
0.00347602
0.00066909
0.00400806
0.000514984
0.000297563
20971.8
-871.706
19535.7
-2166.65
646.429
-2598.76
-31759.4
5595.86
-11196.8
6676.42
-3501.8
2740.81
-3329.42
1554.53
-589.628
219.901
-72.7375
33.232
-9.26093
4.51889
-1.06117
0.35314
-0.0905986
0.027094
-0.00492065
0.00251651
0.000805439
0.00108005
0.00143332
0.000957383
0.0019494
0.000875513
0.00259963
0.000756901
0.00338828
0.000645466
0.00389122
0.000507153
0.000292991
19007.8
-1028.87
18901.6
-2077.92
11735.5
-2675.16
-30424.7
-511.319
-15957.8
11477.4
-4861.63
6262.5
-4750.37
1897.94
-780.251
121.002
-100.422
21.1616
-13.0493
4.29794
-1.34098
0.303034
-0.110506
0.0187614
-0.00601879
0.0019953
0.000716933
0.00109294
0.00137757
0.000991401
0.00187317
0.000873586
0.00253203
0.000709071
0.00330909
0.000632728
0.0037755
0.000491124
0.000280613
17402.5
-761.202
18029.2
-1397.29
14669.9
-2007.77
-14991.5
-926.672
-22325.2
10689.4
-9885.33
9844.28
-6633.21
724.536
-882.675
-32.5806
-116.774
3.56249
-16.7025
2.27325
-1.5863
0.236134
-0.124161
0.0076585
-0.00671244
0.00113132
0.000643262
0.00115307
0.00129689
0.000958852
0.00176684
0.00082425
0.00248546
0.000736126
0.00322756
0.000607044
0.00366111
0.00046757
0.000268629
16420.5
-294.767
17135
-284.431
16140.5
-1045.52
73.4537
-1730.86
-23382
4653.05
-20318.4
4315.29
-7429.43
-712.724
-845.401
-141.057
-118.031
-7.18716
-18.5758
0.341463
-1.78456
0.0107764
-0.129507
-0.0010628
-0.00669562
0.000989557
0.000501569
0.000833367
0.00120421
0.000803701
0.00170957
0.000748016
0.00240629
0.000680786
0.00314682
0.000561861
0.00355242
0.000441585
0.000250606
16430.6
13.7751
16022.6
164.253
15186.3
-87.1826
8379.85
-864.072
-23792.4
-94.2702
-25975.6
-107.489
-6816.58
-1515.03
-706.501
-173.228
-110.649
-12.3407
-18.8816
-0.91302
-1.79489
-0.107761
-0.127817
-0.00377885
-0.00681702
0.00104191
0.000479806
0.000934067
0.00116566
0.00082345
0.00166564
0.000740391
0.00233294
0.000654073
0.00307681
0.00054734
0.00344749
0.000400344
0.000230711
16662.3
226.946
15654.4
338.783
14108.7
314.132
9387.25
27.393
-23791.7
-287.921
-27444.8
-1140.38
-5374.85
-1608.43
-538.508
-142.687
-99.3841
-11.5864
-18.1329
-1.98236
-1.70366
-0.163199
-0.123825
0.000530348
-0.0069013
0.00258174
0.000398211
0.0011748
0.00110783
0.000804089
0.00160892
0.000692466
0.00226675
0.000602211
0.00299077
0.000497936
0.00335378
0.000368194
0.000204782
16839.5
1605.94
15619.6
373.967
13710.1
403.857
8973.19
334.499
-24841.1
-69.6113
-27770.7
-1819.02
-3781.89
-1140.83
-400.784
-97.6642
-89.8648
-10.2485
-16.4321
-2.51594
-1.55921
-0.0835576
-0.122117
0.0165204
-0.00800697
0.00758219
0.000123248
0.00208422
0.00102969
0.000918226
0.00154929
0.00066981
0.00220173
0.000555971
0.00291441
0.000451292
0.00326301
0.000338442
0.000190906
14943.5
3153.29
15665.3
905.079
13614.3
592.043
8439.71
501.515
-27022.2
-334.151
-26808.3
-2630.13
-2632.97
-845.051
-308.427
-65.6695
-82.1584
-9.72152
-14.1455
-2.14412
-1.47043
0.0123196
-0.1296
0.0671677
-0.0123516
0.0227429
-0.000746383
0.00565683
0.000854825
0.00160878
0.00147366
0.000750485
0.00213609
0.000527531
0.00284762
0.000407307
0.0031806
0.00030241
0.000174608
11418.7
2745.26
15200
1137.06
13488
1028.96
7329.96
401.534
-29893.2
-3785.88
-24631.3
-4837.99
-1764.07
-611.964
-248.989
-47.5676
-74.5652
-11.0486
-12.1071
-1.08185
-1.4215
0.210283
-0.167002
0.183708
-0.0259281
0.0684337
-0.00378224
0.0190897
0.000247306
0.00471794
0.00132471
0.00129741
0.00206028
0.000566481
0.0027852
0.000353964
0.00310881
0.000237116
0.000135482
8867.32
2393.53
15039.8
1056.65
12600.9
1206.85
1738.28
371.358
-31161.8
-6001.22
-19779
-6080.9
-1128.14
-407.109
-209.98
-33.9178
-64.5231
-9.58647
-10.8789
-0.196482
-1.44534
0.726079
-0.264588
0.470219
-0.0653538
0.19914
-0.0146201
0.0646265
-0.00218722
0.016784
0.000833708
0.00374457
0.00192555
0.000944949
0.00271528
0.000340363
0.00305141
0.000168204
9.07947e-05
6729.29
2218.52
15268.7
1171.28
11414.3
1136.26
-6835.42
493.752
-31126.4
-6383.6
-13308
-5062.71
-704.055
-241.265
-183.848
-28.9964
-55.0104
-6.29301
-9.99724
0.747494
-1.67611
1.80867
-0.495343
1.13871
-0.173425
0.551357
-0.0508982
0.207346
-0.0115193
0.0596711
-0.00105736
0.0135036
0.00154011
0.00273934
0.00261169
0.000567429
0.00300745
0.0001419
5.16239e-05
5044.27
2212.73
15216.5
1984.39
10497.3
2157.12
-16154.3
1515.13
-29246.3
-6718.78
-7735.97
-3130.98
-461.206
-119.399
-159.331
-23.2783
-47.8388
-2.18024
-8.97745
3.32739
-2.28372
3.94317
-0.998094
2.69545
-0.451341
1.46507
-0.163498
0.623706
-0.0447434
0.200949
-0.00836853
0.0494253
0.0001478
0.00999028
0.00235423
0.00168377
0.0029559
0.000228593
1.90347e-05
4680.95
1997.48
15479.2
2565.46
9570.11
2153.41
-27382.8
619.091
-24519.9
-5785.46
-4175.12
-1637.35
-350.6
-66.6625
-136.423
-14.4655
-42.1979
1.63608
-8.38241
8.53235
-3.42159
8.20854
-2.0571
5.98898
-1.13483
3.58872
-0.487628
1.71516
-0.15439
0.623298
-0.0353015
0.166421
-0.00520658
0.0350478
0.00146892
0.00571497
0.00283557
0.00073841
3.88626e-05
5618.59
1616.74
14845
1755.19
7339.89
622.931
-36074.2
-3568.78
-19179.7
-5043.92
-2277.01
-821.317
-290.204
-41.4026
-118.844
-2.98697
-35.096
9.92991
-8.69703
17.8964
-5.45701
16.6071
-4.13453
12.6933
-2.66526
8.2386
-1.32941
4.31033
-0.48683
1.72791
-0.125522
0.497123
-0.0242192
0.1086
-0.00157551
0.0181788
0.00243166
0.00247242
0.000170258
5855.14
1450.41
13096.8
1679.27
1242.33
593.885
-37931.3
-8165.58
-13830.1
-3809.21
-1320.85
-403.402
-245.509
-14.9901
-104.665
7.62389
-26.847
28.2599
-9.95678
36.4035
-9.06619
33.4752
-8.01155
25.6572
-5.892
17.6055
-3.33141
9.89301
-1.38736
4.30121
-0.393819
1.33371
-0.0831521
0.289498
-0.0112371
0.0535426
0.00109507
0.00764787
0.000682937
6242.54
1305.98
11413.8
1514.82
-11597.9
622.875
-31859.2
-5932.86
-9518.12
-2571.74
-840.266
-197.981
-219.053
3.23005
-81.8898
32.5941
-18.3684
60.0862
-12.8339
64.9667
-16.3162
60.5092
-15.0586
50.7838
-12.2627
36.8935
-7.69064
21.7938
-3.57067
9.97007
-1.11891
3.18549
-0.23779
0.694781
-0.0396252
0.144
-0.00297102
0.0209559
0.00212036
6599.24
1196.14
10020.3
1377.2
-21268.3
589.867
-27147.1
-4839.05
-6484.53
-1743
-589.597
-72.5156
-184.511
30.9858
-51.3835
85.2036
-13.2587
112.464
-17.2381
117.812
-25.3861
112.279
-27.2849
92.3812
-24.8063
66.7773
-16.9602
41.1184
-8.59032
19.9128
-2.85803
6.00849
-0.600754
1.46882
-0.116155
0.338488
-0.014028
0.0539138
0.00577251
6910.98
1242.13
8780.9
1727.11
-29293.2
1503.34
-22806.3
-4299.1
-4318.2
-1110.11
-459.883
-4.17551
-120.388
84.4544
-20.9689
128.682
-7.62759
149.866
-22.7358
170.444
-44.0503
178.201
-49.9522
152.833
-46.2448
115.694
-33.6801
72.9402
-18.9358
35.4715
-6.04553
8.74331
-1.34977
2.77771
-0.294132
0.764943
-0.0424447
0.130002
0.0151621
7735.13
1228.15
8418.91
1637.44
-37887.5
50.19
-18368.8
-2937.19
-2862.15
-596.667
-348.17
31.1999
-67.7992
170.783
2.79459
215.623
14.1604
234.957
-14.9811
261.015
-67.9843
260.691
-83.0251
218.556
-82.176
154.693
-63.3954
104.162
-38.9374
58.3088
-10.2577
14.8538
-2.69095
4.91974
-0.693435
1.58474
-0.110607
0.283452
0.0357123
8437.12
1020.85
5888.66
904.915
-42241.4
-2439.52
-15117.5
-1973.25
-2025.49
-212.015
-171.279
110.29
-14.187
223.311
24.6097
255.121
41.9071
362.562
-15.3037
411.235
-107.97
342.165
-140.229
296.991
-124.891
267.636
-99.9721
193.776
-71.6467
109.45
-17.3114
24.2805
-4.92555
9.43191
-1.51633
3.02537
-0.258467
0.568192
0.0772054
8250.27
769.674
550.079
475.511
-41466.9
-4919.69
-12677
-1655.44
-1592.2
-18.1343
-27.3138
253.426
24.0524
289.708
146.476
364.655
94.0373
433.441
-85.1585
416.063
-151.081
501.854
-166.658
572.184
-187.695
468.582
-167.642
315.942
-136.138
183.591
-27.9144
45.518
-9.24227
17.4119
-3.07882
5.53116
-0.553127
1.07631
0.157385
7757.29
606.161
-8111.94
291.205
-36547.2
-3478.01
-10398.6
-1183.67
-1224.22
35.6099
19.1664
279.922
114.639
304.777
224.913
409.516
75.3268
354.628
2.11764
609.985
-83.4485
945.303
-260.571
916.114
-318.289
738.346
-274.48
501.731
-241.309
300.535
-48.0999
88.6121
-17.2927
31.7478
-5.92741
9.53282
-1.10767
1.92402
0.303087
7223.62
546.774
-14202.8
462.364
-33070.6
-2685.19
-8685.15
-518.949
-890.822
148.214
51.1874
331.801
241.873
398.322
162.023
304.146
351.658
606.038
345.134
1023.99
-111.61
1241.02
-422.704
1307.72
-521.925
1108.92
-437.835
793.018
-403.624
488.987
-89.1805
157.664
-32.4318
51.7159
-10.82
15.5221
-2.09128
3.27659
0.561149
7084.09
488.305
-19327.1
432.725
-29807.7
-1508.49
-7741.66
-42.555
-638.729
371.722
137.334
297.324
126.911
269.503
509.868
512.597
806.234
849.332
568.23
1172.21
-46.6199
1531.09
-604.942
1673.52
-795.299
1628.78
-686.08
1219.62
-658.64
732.387
-166.181
294.648
-57.2407
81.5432
-18.7387
24.166
-3.74823
5.32259
0.996035
6992.02
441.705
-22511.2
177.067
-27601.9
17.7201
-7154.65
272.976
-741.314
258.207
101.176
263.219
425.387
478.131
899.773
629.105
1159.15
680.349
938.963
893.515
92.6815
1325.34
-645.662
1967.02
-1151.25
2239.74
-1086.09
1829.47
-997.085
1030.2
-321.975
506.212
-96.8009
130.439
-30.9934
36.4538
-6.403
8.33477
1.72408
6534.54
91.0847
-22780.2
20.7994
-27228.8
830.75
-7180.42
550.193
-734.269
381.929
382.35
552.146
611.799
630.611
959.724
536.259
1393.4
415.334
1386.81
534.107
722.39
1115.98
-391.827
2016.27
-1509.75
2663.68
-1745.63
2554.84
-1404.2
1627.6
-598.081
732.734
-161.983
200.713
-49.3858
52.7658
-10.482
12.3129
2.82755
6411.96
105.257
-21447.4
-39.1473
-27681.7
1093.46
-7431.55
1226.91
-496.488
825.317
485.673
680.237
494.909
590.417
818.644
479.929
1524.75
328.515
1992.65
310.122
1609.02
665.917
212.016
1537.15
-1604.19
2631.31
-2514.66
3126.79
-2102.74
2362.93
-990.396
1095.75
-265.176
302.109
-75.9993
74.7764
-16.3678
17.4268
4.388
6158.65
18.6956
-19569
-80.9712
-27521.9
2187.15
-8032.09
2195.77
-699.892
1089.45
367.003
734.129
357.152
664.281
640.731
626.829
1504.87
378.09
2365.01
53.3648
2470.33
22.9173
1235.96
630.285
-1164.59
2080.38
-3151.63
3303.97
-3096.84
3100.18
-1577.24
1608.17
-424.569
435.853
-113.948
100.749
-24.5043
23.348
6.51987
5982.74
-48.0623
-15782.7
-109.207
-27565.7
6975.79
-9681.56
4864.57
-1201.19
1912.66
274.199
1119.33
310.244
946.093
346.376
937.035
1143.33
596.421
2333.63
-30.5802
3073.27
-463.368
2597.66
-317.263
-76.0739
1116.94
-3321.9
3009.58
-4275.33
3652.13
-2445.85
2254.71
-660.553
609.531
-165.459
129.185
-35.0652
28.9764
9.04869
5873.09
-193.893
-3871.4
-255.041
-30961.8
3574.51
-14096.9
5431.88
-2327.44
3766.72
42.3777
2127.24
298.896
1455.22
-59.5407
1407.8
439.602
1091.09
1876.91
202.581
3219.29
-540.966
3948.63
-916.268
1613.75
97.6982
-2779.1
2340.77
-5387.78
3796.99
-3667.57
2926.13
-999.928
827.96
-232.52
163.667
-47.6426
35.0065
11.7224
5762.24
-462.053
2600.18
-253.166
-28053.9
288.083
-16618
11992
-4669.71
8284.05
-863.718
4170.46
238.674
2494.87
-439.571
2075.25
-565.368
1878.27
1086.2
756.724
2843.86
-275.711
4906.15
-995.15
3623.24
-675.824
-1543.56
1539
-6086.58
3524.4
-5232.96
3507.98
-1470.27
1056.81
-319.078
197.8
-62.422
41.2356
14.9952
6139.35
-214.635
3516.95
-774.904
-9238.43
-465.133
-22246.4
5893.6
-10587.3
10219.7
-3139.19
7187.6
-298.196
4335.95
-677.497
3132.04
-1842.66
2820.81
-20.6599
1593.1
2119.23
178.875
5208.05
-639.756
5612.63
-1064.23
148.835
755.987
-6103.56
2961.4
-7074.48
3873.97
-2079.2
1255.3
-424.93
217.724
-79.1725
43.4848
17.7935
5121.2
-525.883
4047.06
-966.891
1036.02
-857.585
-15643
337.718
-14960.3
9951.75
-7034.54
10173.1
-1849.21
6781.3
-1055.86
4661.96
-3249.2
3947.6
-1548.27
2609.2
1288.63
808.625
4803.99
-42.4253
7250.29
-946.209
2037.28
105.678
-5368.5
2197.36
-9054.8
3649.62
-2815.24
1391.15
-543.276
233.344
-95.665
45.2394
19.4407
4312.91
-511.269
4235.07
-817.568
2976.27
-1417.65
-876.859
-890.394
-14632.3
1374.09
-11687.6
9428.37
-4595.55
9142.59
-1929.24
6370.28
-4791.14
5202.12
-3504.72
3631.3
418.296
1370.6
3939.27
439.245
8198.05
-389.332
3836.24
-206.72
-4189.16
1477.64
-10777.2
2933.31
-3637.51
1247.54
-671.595
201.474
-112.319
40.3308
19.9953
3746.37
-504.959
3194.2
-1488.75
3836.85
-1407.26
2613.87
-1461.93
-2885.66
-727.703
-12079.4
2648.75
-8205.3
8805.64
-3364.88
7869.46
-6610.87
6257.62
-5972.2
4340.05
-541.276
1835.66
3140.85
919.021
8364.74
217.095
5291.6
-20.1833
-2999.76
1117.62
-12072.7
1971.55
-4382.04
908.521
-781.991
139.693
-125.52
26.2233
15.7219
1923.12
-240.705
3332.26
-707.383
3744.88
-1215.66
3750.73
-1513.73
2056.34
-1351.82
-3558.54
-469.877
-9429.64
3307.63
-5355.04
7708.97
-8844.68
6668.22
-8717.81
5128.01
-1491.86
2729.8
2459.07
1656.97
8153.24
1134.11
6280.35
578.322
-2298.33
1206.01
-12896.4
1284.83
-4931.17
418.711
-860.076
50.1095
-132.374
8.11715
9.26823
1053.22
55.1117
2438.21
-205.41
3249.56
-1260.29
4001.15
-1502.96
3352.67
-1892.53
1689.27
-1144.01
-3649.79
-228.431
-6645.48
3498.59
-10649.6
5767.16
-11361.5
6502.09
-2611.14
3732.57
1947.09
2485.73
7651.97
2119.94
6830.89
1630.56
-2233.61
1492.7
-13566.1
884.632
-5195.15
-319.249
-889.112
-74.0054
-131.617
-13.8625
1.84905
566.692
290.588
576.543
-13.3983
2843.42
-482.922
3387.57
-1369.41
4458.15
-1484.46
2966.47
-1843.87
1264.75
-925.805
-3818.1
-2.93001
-9786.92
3566.55
-14432.6
4822.9
-3919.49
3868.5
1585.86
3160.04
7209.05
3090.24
6715.7
2764.71
-2739.39
1756.36
-14484.1
358.968
-5017.15
-1045.14
-847.288
-189.754
-121.247
-34.9209
-6.31834
-2.12378
-3228.66
-256.664
-111.814
1359.66
-255.309
3203.67
-453.92
3920.96
-995.578
4254.07
-1482.21
2486.94
-1629.82
649.932
-671.538
-8301.82
147.89
-15504.2
5373.47
-4667.21
7729.48
1515.97
5335.66
6913.83
4778.88
5832.75
3849.26
-3907.77
1853.55
-15537
-802.211
-4395.27
-1544.06
-738.937
-255.035
-102.267
-46.4507
-11.006
5859.57
-3331.66
-513.788
-120.581
1024.94
-105.253
2343.37
-566.573
3190.79
-827.187
4043.47
-1131.41
3763.01
-1464.29
1680.33
-1358.99
-2088.05
-432.504
-12871.8
2078.88
-7208.5
5249.76
957.394
5575.85
6047.05
5481.08
4065.96
4498.77
-6139.76
1714.77
-16048.3
-3197.32
-3452.27
-1598.29
-591.959
-262.26
-78.618
-48.4071
-12.7635
11926.4
-629.646
-487.877
4.00797
244.212
9.70369
1926.45
-203.222
2731.3
-713.787
3568.97
-914.443
3902.78
-1263.78
2852.05
-1400.12
911.181
-972.856
-9297.11
-66.9984
-6863.33
7024.5
860.9
7245.91
5121.76
6393.81
1580.4
4381.34
-10284.2
1420.17
-14734.7
-5813.56
-2465.4
-1331.73
-440.207
-222.714
-54.7091
-40.9212
-11.6447
13130
619.111
-477.915
169.554
-118.222
171.735
1106.72
-74.8065
2426.7
-442.053
3068.9
-734.832
3717.85
-1036.44
3394.89
-1270.8
1998.55
-1319.82
-1253.06
-510.051
-6629.48
1786.97
-2.41624
6293.99
3207.71
6078.63
-1081.85
3651.6
-16378.8
-207.537
-11205.9
-6522.65
-1636.84
-1032.16
-310.337
-169.435
-34.9667
-31.1948
-9.88677
12276.2
1750.54
-472.922
295.285
-539.549
338.498
514.001
87.5667
1980.55
-132.28
2634.78
-568.489
3399.13
-844.652
3331.31
-1124.32
2975.5
-1240.96
1363.95
-1128.56
-1777.48
-399.333
-222.137
2228.09
883.871
2574.51
-4574.16
1375.19
-21588.3
-5117.99
-6892.56
-4710.52
-984.745
-641.999
-210.969
-113.591
-20.5213
-21.5898
-8.56613
9485.42
3071.9
-392.204
442.758
-969.847
213.011
157.468
243.258
1312.56
-55.9753
2235.31
-424.426
3017.14
-699.493
3180.38
-997.147
3111.05
-1128.61
2198.76
-1213.39
1064.45
-892.612
131.349
-430.79
-271.844
-630.042
-10481.8
-692.955
-21041.9
-10389.4
-3671.21
-2572.81
-581.311
-383.101
-144.461
-72.1639
-11.6448
-14.2789
-8.08567
4405.14
2117.62
-810.844
281.489
-916.364
163.924
-330.287
93.3326
745.222
1.81355
1835.51
-236.318
2608.71
-588.126
3009.62
-948.056
3006.71
-1213.39
2567.54
-1480.16
1566.09
-1849.56
-73.2512
-1697.83
-331.964
-988.162
-19306
-4165.97
-14387.9
-10647.5
-1911.92
-1455.62
-342.041
-215.872
-102.388
-42.6321
-7.40073
-9.81674
-8.18581
834.083
97.947
-1025.18
57.3421
-1037.83
81.6203
-480.158
109.273
376.421
48.0349
1321.26
-26.9166
2112.17
-266.964
2663.89
-627.802
2678.42
-1021.57
2138.46
-1378.12
1731.23
-1590.13
660.208
-1388.22
-3422.53
-277.967
-25006.5
-11507.9
-6604.78
-5374.77
-900.912
-597.782
-207.888
-99.8921
-78.4092
-25.2958
-6.27697
-7.57518
-7.44574
754.596
20.7965
-978.568
42.7312
-987.925
91.0704
-580.571
194.885
259.713
204.676
968.361
135.35
1611.55
27.3044
2148.31
-93.3032
2237.71
-310.184
1890.88
-469.991
1953.42
-285.961
1814.22
-88.0072
-14417.4
-526.414
-19226.4
-14704.9
-2504.4
-1704.97
-490.863
-221.218
-149.802
-47.8551
-65.3904
-17.6188
-6.18729
-6.38856
-6.30776
797.684
42.2423
-887.281
80.1731
-804.166
146.149
-563.5
258.308
151.377
401.413
808.706
279.035
1443.27
203.741
1862.82
167.985
2039.15
117.048
2106.44
135.024
2172.82
327.44
1360.72
619.807
-28123.3
-14821
-7426.42
-5215.77
-1210.37
-513.09
-347.121
-90.2776
-126.13
-32.9806
-57.0949
-15.5026
-6.131
-5.90839
-5.78039
873.352
73.6703
-762.646
99.9872
-605.058
145.918
-324.212
211.719
-40.9432
232.834
696.919
275.5
1393.11
325.298
1795.4
302.006
2061.58
298.929
2333.26
452.545
2498.74
820.904
-14839.6
1188.27
-18666.8
-11690.3
-3099.1
-1077.66
-837.998
-112.551
-299.338
-48.3904
-112.371
-26.3438
-49.9692
-13.2478
-6.04133
-5.18335
-5.01049
926.93
132.384
-675.342
152.868
-487.602
169.301
-288.534
205.627
26.7128
277.999
771.35
355.126
1360.26
480.221
1791.28
544.758
2254.4
665.657
2769.71
1015.1
2909.28
1167.79
-28224.8
-7139.7
-8324.42
-2386.81
-2200.08
-9.89894
-781.092
-57.4528
-280.85
-55.1902
-102.006
-28.6852
-43.9469
-13.077
-5.91957
-4.89641
-4.17325
970.136
226.714
-643.321
254.431
-422.248
294.221
-166.282
369.486
149.578
496.459
959.297
635.592
1451.72
783.566
1952.98
1108.07
2695.48
1652.85
2952.26
2074.63
-6418.59
1649.73
-23251.9
-8346.19
-5980.93
341.729
-2244.34
34.7407
-779.038
-149.829
-258.499
-83.1182
-89.5839
-32.8074
-37.8045
-12.3758
-5.40735
-4.11613
-3.12715
1029.8
251.417
-566.044
188.247
-286.251
232.657
49.3757
373.665
372.447
580.906
1183.02
955.133
1914.28
1239.7
2685.83
1368.56
3231.2
1401.76
2442.27
781.099
-17728.1
-606.223
-14161.9
14.8282
-6285.62
879.278
-2417.19
-337.411
-719.193
-224.819
-215.833
-78.3696
-73.2345
-26.097
-31.5688
-8.93734
-4.70297
-2.74051
-2.22371
905.307
-2476.97
-479.808
0.0837516
-30.7521
183.959
403.124
264.075
974.823
340.865
1615.38
314.348
2099.06
389.442
2731.04
467.743
2440.18
485.973
773.339
224.125
-17031.4
-1972.06
-13247
2402.04
-7490.41
-532.146
-2309.07
-684.755
-587.081
-218.079
-171.256
-68.0768
-59.4287
-21.4126
-26.8649
-7.00115
-4.33286
-2.07919
-1.96696
5939.5
-3632.73
-125.418
-61.657
115.441
214.09
535.084
335.966
932.053
465.294
1729.99
631.081
2211.76
673.791
2755.79
691.339
2104.64
381.271
-1883.52
-16.1673
-12035
-446.705
-16359.3
-564.709
-7622.93
-2731.77
-1863.46
-923.396
-450.922
-240.407
-131.242
-64.7634
-47.7711
-18.0813
-23.1083
-5.78684
-4.25204
-1.87822
-1.99527
13229.1
-2048.87
408.942
-32.9481
339.171
148.626
758.719
224.382
1202.26
296.042
1796.29
376.217
2238.11
506.493
2333.42
350.334
1592.95
26.9983
-2407.45
-188.696
-12163.5
-1120.51
-18602.8
-5336.35
-5785.34
-3131.77
-1206.09
-715.726
-290.48
-168.004
-90.9964
-43.7756
-37.7721
-12.8543
-20.1087
-4.89547
-4.3368
-1.89476
-2.17031
17361.7
-895.673
763.427
-5.79918
479.436
90.2081
883.696
136.864
1333.87
156.947
1998.13
225.264
2011.7
161.58
1889.89
86.3099
1313.91
-35.0535
-3547.37
-201.401
-17009.2
-3576.35
-16136.1
-9953.21
-3328.93
-2301.72
-674.169
-455.964
-176.347
-104.597
-64.1965
-27.6306
-31.264
-9.50507
-17.7932
-4.49302
-4.53743
-1.97729
-2.33579
19194
-391.544
952.257
18.0504
566.514
84.4487
919.425
137.164
1446.69
208.29
1899.79
254.364
1901.99
182.051
1722.92
118.847
1097.91
18.0248
-7705.29
-1585.37
-24245.6
-11864.2
-7840.2
-5259.42
-1427.24
-946.022
-330.302
-203.166
-105.255
-51.1734
-48.4027
-15.9939
-27.1431
-6.99286
-15.8413
-4.15478
-4.7999
-2.32186
-2.43915
20041.8
-135.154
1083.76
95.7202
665.326
174.608
1045.05
246.917
1523.72
372.51
1787.68
279.416
1809.68
241.124
1583.75
221.299
-1003.28
139.563
-20425.1
-6945.14
-16513
-10476.4
-3133.81
-2052.17
-653.876
-408.856
-180.7
-96.9166
-72.5902
-26.7247
-40.5171
-10.7746
-24.7968
-6.67663
-14.4113
-4.79214
-4.88626
-2.75416
-2.10418
20525.7
-64.4296
1241.27
221.606
801.712
312.872
1267.78
358.81
1370.06
316.181
1728.39
325.398
1781.22
319.052
1470.69
279.413
-10356
-2191.57
-24652.8
-13300.7
-6730.07
-4207.97
-1317.4
-813.654
-326.804
-185.539
-111.247
-48.4809
-57.7008
-17.9817
-36.9073
-10.0375
-23.2303
-6.871
-12.8126
-4.91094
-4.40509
-2.63841
-1.56861
21129.9
-282.775
1425.13
155.055
889.764
240.581
1193.55
310.832
1386.43
286.841
1719.19
380.577
1723.13
413.805
-1999.09
246.885
-25050.7
-8898.81
-13351.2
-7580.32
-2753.19
-1614.96
-616.463
-349.853
-182.291
-88.2497
-80.9098
-27.9992
-50.2447
-12.6993
-34.1027
-8.8573
-21.592
-7.97752
-11.0201
-5.72424
-3.60876
-2.68671
-1.2144
22052.8
-922.772
1597.81
186.309
1023.66
301.172
1151.77
334.871
1544.91
347.563
1772.74
421.036
1474.23
396.722
-14936.4
-2390.31
-23169.1
-10551.7
-5921.63
-3191.76
-1253.64
-679.052
-322.603
-163.446
-118.428
-45.7539
-65.6091
-16.6507
-46.619
-10.8
-33.3192
-11.9668
-19.6982
-10.3332
-8.61097
-5.80677
-2.50678
-2.16238
-0.724798
24396.3
-1133.72
1831.35
139.515
1089.25
275.595
1175.62
324.936
1670.1
408.834
1734.85
423.723
-2719.6
136.89
-26445
-8035.78
-13387.4
-6415.32
-2766.38
-1415.63
-637.199
-323.171
-189.671
-84.1038
-87.4164
-25.1626
-59.7262
-14.899
-47.7265
-18.0036
-31.8563
-16.7481
-15.873
-10.2807
-5.70466
-4.2642
-1.42485
-1.23111
-0.294672
27092.9
-1241.62
2109.16
-831.116
1185.14
93.2082
1328.07
207.719
1696.6
354.765
1275.96
242.668
-15105.5
-2269.18
-24022.8
-9232.08
-6724.78
-3215.24
-1379.46
-680.762
-349.524
-165.372
-122.746
-42.7127
-76.4207
-18.5231
-62.8657
-22.6017
-46.5287
-23.0334
-26.0328
-15.5672
-10.7608
-7.17756
-3.27257
-2.26445
-0.716193
-0.491726
-0.0990889
27948.5
-1232.2
3987.82
-2022.03
1406.09
17.0153
1595.62
254.606
1506.21
256.468
-2773.73
0.0256144
-25633.3
-6093.39
-15437.9
-6658.47
-3320.25
-1592.54
-719.463
-348.211
-201.107
-82.8585
-95.1328
-25.9455
-80.8152
-29.1534
-63.3052
-30.6203
-39.3653
-21.8834
-18.4371
-10.658
-6.56334
-3.56158
-1.84329
-0.962123
-0.41742
-0.232483
-0.0407252
26242.8
-1067.03
8153.08
-1824.25
1866.36
-33.6717
1600.64
164.88
1066.67
92.8911
-12666.5
-2612.36
-26348.5
-9327.38
-8201.87
-3802.65
-1629.32
-786.211
-377.396
-172.096
-131.879
-42.1967
-98.816
-35.1257
-82.4054
-38.0698
-54.3737
-27.64
-28.5364
-13.4574
-11.9773
-4.86483
-4.33034
-1.8585
-1.25176
-0.518146
-0.270697
-0.0660587
-0.00839388
24600.3
-1144.61
11828
-1409.52
2253.39
-141.725
1470.36
-47.3729
-3607.43
-955.436
-23583.1
-6334.28
-17870.3
-7632.93
-3863.31
-1834.28
-786.904
-372.264
-209.015
-79.9256
-123.233
-42.9127
-102.216
-43.8953
-71.0453
-31.4442
-39.7959
-14.59
-20.2024
-6.97979
-9.22575
-3.81594
-3.1726
-1.25929
-0.883225
-0.242385
-0.226331
-0.0403839
-0.0183183
24006.4
-1341.56
14441.1
-1608.79
2438.93
-1364.81
-200.085
-1044.52
-12963.1
-4283.46
-25579.3
-9167.28
-8991.23
-4108.35
-1734.88
-815.807
-383.164
-166.997
-160.786
-57.2418
-124.444
-49.3002
-87.7665
-33.6386
-52.5869
-16.7688
-31.9311
-12.2733
-17.1169
-7.69237
-6.87287
-2.67099
-2.28939
-0.650047
-0.717644
-0.140581
-0.20926
-0.0316087
-0.0190794
23394.4
-1518.93
14941.4
-2477.27
3069.25
-3224.72
-6195.4
-4005.25
-21475.4
-7452.23
-17239.6
-7069.67
-3914.2
-1789.76
-781.16
-353.718
-230.757
-90.4993
-150.383
-55.6313
-105.08
-35.5661
-68.0817
-20.6421
-47.6369
-20.3418
-27.1711
-11.982
-12.1931
-4.18724
-5.00276
-1.19974
-1.84446
-0.289135
-0.627824
-0.0662823
-0.199513
-0.0279987
-0.0174181
21269.7
-1513.69
13381.6
-3024.32
1538.43
-5096.51
-12614.3
-7065.53
-20730.7
-7423.98
-8565.05
-3674.18
-1672.63
-744.873
-391.701
-163.978
-182.083
-65.9826
-123.951
-39.3244
-86.5256
-25.7614
-67.7299
-26.8704
-38.3813
-14.5917
-19.0272
-5.18617
-9.24764
-1.49544
-4.15547
-0.388912
-1.64877
-0.108765
-0.596095
-0.0596873
-0.191237
-0.032224
-0.014878
17928.4
-1294.94
9043
-2805.24
-2358.2
-4403.09
-13273.2
-5349.64
-14094.6
-5271.67
-3720.65
-1561.71
-757.551
-320.536
-245.925
-90.604
-144.667
-47.6964
-105.986
-26.0864
-87.9131
-34.0024
-53.2447
-14.954
-27.911
-5.20332
-15.1501
-1.1067
-8.15066
-0.0170027
-3.89336
-0.0380701
-1.60543
-0.124589
-0.573207
-0.07576
-0.177593
-0.0303178
-0.0121905
14578.3
-1025.91
5679.4
-2381.65
-4237.75
-3629.06
-13102.2
-4343.9
-7549.56
-2794.15
-1643.98
-659.952
-393.086
-151.004
-181.758
-58.1327
-114.171
-30.9537
-116.532
-36.0202
-63.9706
-13.4654
-41.6792
-7.16603
-23.3257
-0.561483
-13.9991
0.559818
-8.17166
-0.0862246
-3.97476
-0.256875
-1.56207
-0.188491
-0.535127
-0.0833035
-0.163256
-0.0239693
-0.00840835
11557.7
-814.439
3038.02
-1976.36
-5666.85
-2881.86
-10150.4
-3335.25
-3765.65
-1342.47
-785.075
-297.044
-245.091
-79.8241
-140.893
-31.8415
-121.362
-28.2492
-86.325
-25.074
-56.0097
-8.66488
-33.8027
-1.57988
-22.0638
0.756056
-14.6853
0.176662
-8.34271
-0.200004
-3.91007
-0.275297
-1.46816
-0.0825579
-0.48513
-0.0300799
-0.150881
-0.0156251
-0.00660379
8955.03
-647.168
1108.69
-1607.28
-6576.47
-2148.55
-6369.81
-2072.39
-1893.1
-656.681
-416.233
-143.483
-168.222
-39.8782
-135.464
-26.2757
-116.833
-31.7769
-64.2304
-7.87129
-47.0068
-3.11995
-31.0015
1.80311
-22.7195
1.16268
-15.0876
0.0690215
-8.4186
-0.158597
-3.72673
-0.0299705
-1.42105
-0.10121
-0.472882
-0.0324254
-0.143666
-0.0167418
-0.00414431
6792.85
-497.14
-51.2271
-1232.66
-6411.89
-1556.01
-3673.65
-1109.73
-965.789
-316.806
-239.368
-66.5815
-146.314
-24.7036
-143.829
-30.6243
-82.5367
-11.875
-57.798
-1.88049
-40.7169
2.30005
-31.7737
2.55831
-23.964
1.05009
-15.332
0.812392
-8.28824
0.315557
-3.79487
-0.153298
-1.35895
-0.058363
-0.45952
-0.0196053
-0.133536
-0.0131406
-0.00240349
5126.9
-395.873
-748.337
-987.883
-5496.71
-1255.71
-2151.84
-606.882
-510.676
-155.023
-167.501
-25.6663
-155.905
-28.0299
-115.169
-17.9185
-68.1205
-0.401245
-52.1071
2.80862
-40.385
6.09163
-33.6024
4.53589
-24.236
2.57384
-15.8685
0.427378
-8.76606
-0.154504
-3.70356
-0.0553013
-1.32377
-0.0328925
-0.453981
-0.021675
-0.124855
-0.00760594
-0.000995292
3777.1
-333.124
-1329.87
-864.446
-4169.67
-1008.18
-1277.81
-358.389
-274.102
-65.1504
-171.581
-25.6763
-139.439
-21.3197
-88.2471
-2.67535
-63.465
3.28279
-47.6134
8.66243
-42.3947
6.42605
-35.9945
1.8357
-26.7057
0.408508
-16.5004
0.181941
-8.6644
-0.0754859
-3.68189
-0.0505197
-1.31353
-0.0161115
-0.441861
-0.00584435
-0.11948
-0.00117141
0.000253471
2556.73
-263.922
-1643.79
-695.28
-2834.31
-669.88
-706.631
-190.052
-201.53
-26.1107
-164.023
-25.196
-108.91
-5.52892
-79.0402
3.48144
-55.6198
8.81264
-50.6913
8.70341
-48.3575
3.93959
-37.7442
2.58898
-26.9678
0.9785
-16.7815
0.274887
-8.63867
0.0557828
-3.64843
0.0165349
-1.30411
0.0168654
-0.437814
0.00983542
-0.118315
0.00189839
0.000723438
1558.28
-183.54
-1587.56
-439.321
-1841.25
-368.804
-385.424
-80.2554
-199.841
-28.4968
-129.713
-8.47878
-94.0756
1.90395
-70.7567
7.61308
-55.7798
14.1758
-57.2843
8.03684
-50.1217
4.14512
-39.7295
2.47152
-27.7864
1.37535
-17.022
0.721097
-8.67934
0.3565
-3.64811
0.169703
-1.3106
0.0680949
-0.444727
0.0265586
-0.119281
0.00604927
0.00104769
961.977
-135.628
-1431.5
-248.826
-1239.87
-211.423
-283.472
-24.6386
-162.633
-14.305
-111.501
0.854749
-84.6247
8.47451
-60.5039
16.5407
-64.8315
14.932
-62.7003
10.9609
-52.3199
7.59872
-41.0883
5.06808
-28.5518
3.44652
-17.4245
2.2493
-8.87396
1.22695
-3.74801
0.513674
-1.34914
0.148983
-0.46269
0.0421583
-0.123415
0.00840653
0.00162522
696.432
-119.778
-1348.27
-200.566
-848.055
-154.233
-263.007
-21.2578
-134.302
-1.20839
-98.0623
7.04799
-71.1987
15.2509
-63.0306
24.4392
-70.7193
17.0887
-67.4054
13.6383
-55.6622
11.4621
-43.1095
8.49399
-29.9601
5.75896
-18.5595
3.38405
-9.62122
1.64062
-4.10859
0.632995
-1.44883
0.205488
-0.492415
0.0606527
-0.129052
0.0104531
0.00204283
505.775
-103.529
-1244.65
-193.852
-567.439
-99.2505
-223.081
-22.2909
-118.788
4.98498
-83.5157
13.5936
-55.8214
33.5713
-74.6413
27.1281
-75.8635
22.7465
-70.4675
18.3739
-59.6041
14.3192
-46.5376
10.5636
-32.7694
7.1145
-20.5057
4.10465
-10.6827
1.96576
-4.53361
0.72111
-1.58472
0.225883
-0.536869
0.0860518
-0.136081
0.0267936
0.00265306
291.255
-79.1302
-1032.02
-155.125
-404.129
-28.937
-168.469
-10.616
-102.523
10.2155
-47.8966
34.5294
-66.6636
31.8893
-81.6008
24.7593
-82.4188
20.4602
-76.2047
16.7347
-64.6196
13.4508
-50.8849
10.0691
-36.3495
7.07134
-22.9066
4.32525
-12.0012
2.17097
-5.02869
0.805002
-1.71665
0.227802
-0.589637
0.0811156
-0.15637
0.0363968
0.0035093
109.642
-57.2548
-746.792
-100.024
-365.04
-23.9577
-126.535
3.81782
-56.3372
22.9378
-52.6292
37.2644
-78.7284
30.0267
-88.4671
26.2016
-88.0349
22.6934
-80.8772
18.6097
-69.1608
14.2821
-54.6843
10.1736
-39.6341
6.83807
-25.3383
4.10183
-13.4562
2.06696
-5.60892
0.80447
-1.85582
0.225586
-0.629678
0.0758537
-0.184162
0.0355031
0.00415946
6.83966
-39.9079
-573.889
-51.7261
-305.451
-13.44
-87.8378
12.5897
-28.9767
40.1687
-65.676
34.529
-85.2369
31.3486
-94.1013
28.9945
-94.2251
25.7314
-87.069
21.3359
-74.7088
16.9057
-58.9352
13.1046
-42.9251
9.31447
-27.6479
5.81626
-14.8085
3.02634
-6.19407
1.20283
-1.99866
0.348967
-0.666008
0.11701
-0.210797
0.035699
0.00632979
-21.7004
-23.1745
-486.378
-18.1779
-249.303
3.00102
-31.7218
30.3269
-39.8063
37.68
-71.4408
35.0512
-89.2643
32.4627
-99.3706
28.6695
-100.925
24.7333
-93.4426
21.5252
-79.8701
18.4307
-63.7924
14.8314
-47.156
10.9263
-30.8322
7.10167
-16.7725
3.91393
-7.06197
1.62122
-2.22116
0.429099
-0.739622
0.125757
-0.235892
0.0483487
0.00836966
-9.51989
-15.129
-437.701
-10.2354
-190.038
9.53082
-16.6794
37.1166
-44.8823
36.7241
-76.1585
33.3887
-95.79
30.5453
-105.762
27.9018
-105.842
25.6958
-97.9191
23.247
-84.7844
19.794
-68.8247
15.5619
-51.8075
11.5179
-34.4908
8.18326
-19.2557
5.06803
-8.2804
2.2249
-2.51376
0.500077
-0.810091
0.116283
-0.270242
0.0632388
0.0110738
2.46509
-23.1787
-392.019
-14.8065
-129.888
19.8712
-17.4863
40.2461
-51.3585
38.213
-81.3697
34.9256
-100.363
34.4981
-109.364
34.0141
-109.616
31.7543
-102.942
27.2089
-90.595
21.8921
-74.065
17.0328
-55.8856
12.9575
-38.0862
9.46805
-22.3522
6.0922
-10.0531
2.78276
-2.88601
0.617159
-0.858647
0.184553
-0.31531
0.080969
0.0156014
23.0766
-25.9051
-311.439
-9.14231
-85.222
16.5087
-21.6913
40.4261
-57.7769
41.8264
-82.1572
42.6266
-101.204
42.3228
-113.074
41.069
-116.66
37.8056
-110.719
32.8678
-97.3039
27.9247
-79.3752
23.2936
-60.1768
18.4412
-42.004
14.2004
-25.9766
9.48868
-12.2912
4.36633
-3.30792
0.68339
-0.953992
0.165443
-0.372098
0.0810822
0.0206633
64.5465
-7.13855
-251.513
2.0567
-32.5106
27.3963
-18.779
38.4786
-56.2058
43.1456
-82.7196
49.3875
-103.396
55.8835
-118.461
56.112
-124.354
52.7896
-117.99
48.1485
-103.733
41.2079
-85.733
33.0629
-65.4209
25.7728
-47.5026
18.5124
-31.618
12.2769
-16.1187
6.27184
-3.81587
0.987118
-1.03207
0.145349
-0.424877
0.094775
0.028197
87.4123
-2.07251
-191.993
8.09629
-7.95455
36.3104
-9.01922
42.7982
-43.8835
47.861
-70.614
57.1464
-102.993
69.8231
-123.976
74.9397
-131.626
75.2233
-128.255
71.0935
-115.103
62.8638
-95.3382
50.3021
-74.4494
36.1537
-54.8203
24.4959
-38.2685
16.3438
-21.6417
9.66195
-4.64598
1.47641
-1.07914
0.0414715
-0.483358
0.0887663
0.0382301
112.833
-2.3012
-125.365
19.4192
6.49971
31.6803
1.6267
46.5414
-25.4529
64.2802
-46.8616
85.6694
-93.9406
94.356
-123.499
106.088
-138.131
113.348
-140.494
109.429
-132.738
94.6835
-114.085
73.8459
-89.0275
51.9523
-64.4408
33.5955
-45.7102
21.6946
-30.2445
15.1524
-6.06889
2.45533
-1.03488
0.346389
-0.527994
0.121314
0.0529555
167.424
-4.04371
-96.2551
8.90867
39.7888
41.1165
39.1307
69.9536
17.2348
99.1925
-30.4957
116.608
-73.0731
133.745
-111.304
155.243
-144.336
167.204
-162.546
163.025
-162.156
142.589
-143.259
111.343
-112.113
77.0395
-78.5645
46.7531
-53.0371
27.6524
-43.6647
18.9086
-8.1718
8.05257
-1.24668
1.09549
-0.588707
0.184065
0.0755709
200.155
0.549968
-19.3746
16.3371
104.733
45.1121
101.284
65.423
52.1813
92.7639
1.97027
131.23
-34.6225
193.482
-91.1034
235.819
-150.986
251.505
-193.282
244.784
-206.521
219.114
-189.23
177.369
-150.418
125.879
-101.361
74.4447
-62.8846
30.2654
-55.2041
19.9364
-15.148
19.8466
-2.10911
2.60289
-0.685598
0.238708
0.100638
240.261
2.20984
49.6757
28.5316
150.719
51.1635
159.711
79.1939
129.781
115.477
120.536
188.819
41.5171
298.32
-64.4565
355.071
-161.742
369.505
-232.105
353.989
-266.13
321.799
-258.63
269.826
-215.846
200.136
-154.395
124.928
-74.5825
50.7274
-55.2995
17.0093
-32.5383
29.4231
-4.35865
6.11584
-0.809586
0.405062
0.134306
307.484
-1.55182
104.274
40.7105
214.524
93.9516
237.662
168.684
278.519
250.327
330.185
364.475
144.155
404.716
-39.7908
440.106
-186.73
457.046
-281.061
447.274
-340.76
417.376
-353.1
383.778
-312.069
314.957
-243.987
203.478
-112.99
78.2488
-41.9569
41.8682
-56.1805
28.0227
-9.82298
16.1259
-1.05407
0.86427
0.143111
415.976
-7.4342
233.394
13.1598
385.54
30.6776
414.032
69.5588
511.296
197.405
407.666
292.562
208.505
329.408
-10.6866
337.85
-202.535
367.024
-326.763
423.32
-389.221
461.473
-446.888
439.916
-455.519
390.521
-396.052
329.384
-154.669
134.729
-56.9196
79.5073
-68.317
20.4492
-24.5096
34.3327
-1.70888
2.47305
0.185655
469.113
-5.16218
276.097
1.06027
474.948
10.0594
691.436
10.654
706.25
19.2378
478.977
53.8118
223.929
85.5443
39.6631
116.797
-110.765
159.365
-267.981
210.198
-420.444
276.963
-514.514
367.282
-534.534
474.811
-633.69
526.231
-218.296
246.21
-121.122
112.46
-54.0735
59.5958
-55.3498
36.0581
-3.79737
5.89701
0.0960689
485.245
1.21989
298.148
-21.4545
476.323
-17.802
710.156
-41.393
777.407
-53.6633
540.681
-9.94024
281.327
18.2977
113.48
70.8224
-27.5339
123.136
-164.754
185.179
-288.55
252.898
-366.135
332.735
-467.307
394.667
-977.284
408.433
-373.319
663.733
-178.927
194.193
-78.3535
83.4
-84.7172
49.6837
-9.12359
15.051
-0.218433
426.065
75.1162
307.131
13.0971
421.468
-17.3917
683.234
-68.4956
867.817
-162.643
595.874
-115.94
378.299
-47.8193
204.679
12.4298
74.5867
58.3511
-59.5086
120.814
-171.384
191.18
-280.283
263.921
-449.211
342.183
-661.333
448.55
-920.858
631.913
-300.784
483.582
-113.334
142.488
-118.633
49.3323
-23.2238
42.1911
0.451673
263.198
730.481
231.54
139.274
301.943
58.0923
475.563
-4.21161
964.764
-91.0909
729.686
-350.078
490.111
-246.133
285.158
-123.555
177.937
-20.7472
50.4158
17.4127
-64.0925
86.6928
-171.278
167.226
-309.264
249.851
-433.255
350.746
-1094.41
422.515
-678.17
850.159
-210.554
355.317
-125.661
88.6751
-61.9977
60.2688
3.15582
-1304.51
1396.96
29.0288
650.31
155.341
211.898
282.746
115.208
422.782
24.9571
934.717
-69.973
718.69
-396.629
466.257
-449.055
241.411
-269.623
159.206
-120.328
55.2997
-30.845
-55.625
18.7362
-175.899
108.14
-343.63
217.127
-589.495
374.659
-1228.22
539.805
-490.512
790.809
-153.788
205.807
-115.373
81.1648
13.3824
-3299.15
702.582
-1073.69
2452.02
-73.6738
887.692
81.1613
373.173
222.784
202.729
285.736
97.1638
620.185
22.6361
783.822
-164.68
491.003
-419.735
300.45
-429.789
129.19
-329.247
70.1535
-146.553
-31.1331
-58.0896
-146.022
22.8195
-393.724
145.458
-947.234
414.885
-1107.53
845.64
-277.961
468.923
-179.086
97.9886
43.9539
1418.92
146.195
-5053.75
1876.96
-1303.17
3257.38
-302.258
1645.74
-1.0951
852.621
136.641
398.016
266.856
259.784
329.708
149.78
473.993
44.8523
459.951
-114.81
402.836
-205.46
195.248
-306.15
76.8835
-192.481
8.55156
-145.145
-73.0035
-72.1618
-462.202
59.7108
-1506.36
438.96
-649.482
980.623
-230.151
184.454
64.4773
6054.42
-409.345
-1499.59
-178.863
-5207.32
2156.18
-2107.64
4445.18
-973.614
3737.8
-141.848
2788.17
57.879
1537.68
141.676
851.039
204.09
460.502
315.288
281.626
251.14
126.839
356.784
33.8005
140.402
-105.138
101.011
-74.3745
84.7
-113.204
-33.7715
-70.2947
-928.658
43.3459
-1448.66
743.798
-344.158
568.077
80.256
6669.41
-1208.07
4455.07
-1634.04
374.903
-1206.25
-3716.6
617.191
-3038.34
3185.79
-2707.02
4460.81
-1262.19
5130.43
-564.191
4317.91
-100.516
2900.45
66.7389
1738.07
110.158
724.756
158.159
294.592
181.891
140.343
51.5401
13.888
136.275
-11.3599
95.1932
-78.1148
-177.171
-35.8488
-1627.12
184.473
-809.799
801.376
107.731
5513.71
-908.56
5546.08
-1634.79
4780.61
-2275.57
2165.14
-2184.08
-256.343
-839.284
-1294.21
166.051
-2835.51
685.753
-3175.54
1324.89
-2112.87
2234.71
-1578.15
2540.01
-546.37
2535.05
-63.7579
1279.14
10.2436
428.393
19.1923
158.465
55.573
34.93
143.406
-4.79383
60.1883
-31.9834
-1001.4
47.9052
-1471.09
597.126
243.589
3540.04
-595.864
3896.6
-1232.09
5001.34
-1801.56
5247.28
-2007.7
1922.36
-1398.69
-230.87
-413.639
-1600.65
-1044.67
-1512.52
-1623.15
-1581.59
-1094.58
-1580.75
-286.761
-2483.52
339.856
-1297.55
1267.35
-358.487
933.027
-139.993
308.619
7.27446
53.7261
112.212
-1.00502
146.683
-20.3181
-439.373
12.1976
-1810.08
290.194
518.758
1800.12
-80.4114
2421.44
-201.518
4493.73
-715.031
6637.43
-1831.9
4065.03
-2174.55
-1529.46
-237.659
-2726.23
-27.5506
-543.051
-829.849
-183.505
-1645.64
-557.141
-1381.06
-1052.12
-552.565
-1784.2
-163.929
-1216.87
51.0321
-470.402
-65.1505
-59.6469
6.50008
89.9313
-12.7099
182.073
-15.0698
-153.409
2.74678
-1593.41
164.435
1124.6
1468.05
0.663601
1089.44
-21.1257
1755.99
-112.412
5832.48
-412.573
8272.22
-1747.52
-1094.44
-1682.75
-4293.26
1107.88
-2050.1
332.655
277.048
-252.438
803.379
-898.487
-449.592
-1230.5
-1469.59
-820.245
-1377.18
-522.655
-377.001
-119.172
-83.2642
-49.8941
87.1947
-23.4213
201.57
-12.9426
13.7451
-1.05884
-656.285
110.644
2417.03
1408
35.2142
850.922
77.9629
1016.34
31.7244
2748.31
-57.7968
8383.89
-395.95
4702.7
-1816.28
-5814.19
199.037
-3134.77
1883.65
-853.896
544.223
254.702
-25.2732
190.291
-554.327
-1031.53
-942.867
-816.876
-436.944
-286.199
-146.107
-50.5273
-51.0643
99.4197
-15.6784
214.646
-5.07978
129.812
-3.22175
1612.79
87.9827
5105.21
1526.57
104.524
729.4
163.415
794.257
168.348
1960.08
159.158
5284.71
96.4322
8872.36
-350.607
-2487.33
-701.258
-5630.67
1870.61
-1856.23
1766.84
-623.815
653.326
-419.237
129.226
-282.464
-69.3111
-410.702
-132.846
-160.962
-33.49
-6.53376
7.63751
111.851
22.3421
216.698
22.4336
225.067
9.2417
6480.47
100.872
11470.9
1691.22
91.8955
742.51
97.9318
771.357
202.585
1813.15
481.892
4303.21
902.489
8142.46
859.651
2618.57
-142.103
-5825.96
1135.4
-3828.16
2966.34
-1499.47
2083.69
-732.253
958.167
-377.011
468.501
-271.24
253.092
-106.485
181.663
11.8433
139.092
111.955
106.959
202.013
79.3515
321.258
51.2744
17186.6
165.111
26377
1708.74
44.009
1020.83
63.3326
1472.48
186.681
2808.1
771.623
4212.58
1760.7
6055.65
2002.33
5162.19
1433.68
-2370.61
1067.95
-5400.56
2686.24
-3393.28
3310.89
-1509.27
2262.44
-699.453
1323.82
-372.15
863.373
-163.224
623.806
-28.5612
468.839
79.2021
359.612
170.585
280.913
441.369
197.335
40909.6
370.557
50207.6
1763.45
19.1585
1350.33
27.7585
2944.63
67.726
5158.16
325.25
4756.8
1373.58
4855.84
2434.88
4433.53
2070.29
698.248
1635.62
-4279.06
1941.7
-5167.19
3370.8
-3009.18
3659.83
-1393.53
2557.43
-712.775
1815.69
-371.066
1349.89
-166.753
1054.44
-14.7306
846.416
76.4796
707.336
625.055
578.468
84234.2
772.346
52243.3
1787.94
4.6738
1457.61
-3.04772
3593.66
-4.11823
7646.78
22.5741
7151.14
301.644
4075.4
1145.21
3559.2
1819.9
1281.19
1613.39
-1705.54
1572.4
-4672.5
2431.37
-4780.78
3680.04
-2518.85
3834.94
-1379.59
3195.21
-770.094
2575.25
-431.787
2127.25
-181.886
1728.57
-69.625
1453.5
831.618
1250.18
128450
4509.77
558266
1766.01
-19.9087
1454.73
-40.0998
3661.02
-83.62
8309.04
-407.338
9056.32
-1293.64
5519.03
-1090.27
3138.46
-372.834
1201.61
54.2249
-152.376
387.837
-2536.97
811.101
-4527.97
2039.56
-3493.47
3486.36
-2272.45
3881.98
-1379.02
3761.52
-943.196
3586.01
-514.837
3036.05
-301.864
2639.82
4328.44
3920.22
539065
164606
9.2417e+06
1708.12
-19.1647
1336.6
-15.0924
2835.94
48.8402
6183.46
168.699
9507.28
-395.04
7061.17
-2415.71
4006.24
-3544.12
1842.75
-3784.25
616.461
-3315.76
-428.102
-2810.93
-2179.91
-2154.28
-2884.35
-670.376
-2444.25
916.048
-1617.02
2008.09
-1652.75
2412.44
-997.567
2665.57
1171.64
2819.05
175978
2451.08
9.94431e+06
-118253
-7.13556e+06
1719.76
-203.154
1510.9
-506.795
3142.99
-971.948
4824.43
-2108.56
4887.68
-3921.11
4609.64
-5787.95
3515.5
-7643.76
2752.56
-9097.48
1541.31
-10237.5
707.217
-10866.7
239.126
-11243.1
-443.659
-11210.6
-857.241
-10664
-1061.4
-9703.77
-1323.62
-8668.9
-809.01
-7880.8
742.184
-7769.72
66630.6
-8117.97
2.54889e+06
-65656.5
-2.37302e+06
837.133
226.524
158.803
264.513
401.37
365.895
378.236
454.007
364.257
18.6973
346.934
510.946
666.954
445.786
-273.481
-700.581
350.982
457.674
38657
)
;

boundaryField
{
    outlet
    {
        type            calculated;
        value           nonuniform List<scalar> 
20
(
0
0
0
0
0
0
0
-2228.97
-2501.06
0
-2736.41
-2967.91
-3316.72
0
-4091.85
-3889.08
-3317.01
0
0
-26922.3
)
;
    }
    inlet
    {
        type            calculated;
        value           nonuniform List<scalar> 
20
(
0.0185671
0.0308811
0.0382981
0.0442119
0.048778
0.0524021
0.0553504
0.0578642
0.0601537
0.0623523
0.0646263
0.0669914
0.069502
0.0721945
0.0749967
0.0778034
0.0802722
0.0816095
0.0791085
0.0610622
)
;
    }
    wall
    {
        type            calculated;
        value           nonuniform List<scalar> 
200
(
0.0204497
0.0496325
0.0745026
0.0951946
0.111497
0.123135
0.13009
0.132737
0.131541
0.127138
0.120287
0.111943
0.10304
0.0942746
0.0860781
0.078647
0.0720722
0.0663008
0.0612798
0.0569182
0.0530993
0.0497515
0.0467989
0.0441754
0.0418268
0.0397076
0.0377948
0.0360517
0.0344445
0.0329685
0.0316028
0.0303284
0.0291451
0.0280414
0.0270152
0.0260592
0.0251554
0.0243172
0.0235297
0.0227864
0.0220915
0.021442
0.0208314
0.0202541
0.0197194
0.0192157
0.0187404
0.0182869
0.0178643
0.0174553
0.017077
0.0167144
0.016369
0.0160256
0.0157054
0.0153825
0.0150779
0.0147671
0.0144741
0.0141799
0.013882
0.0135895
0.0132851
0.0129877
0.0126793
0.0123772
0.0120592
0.0117504
0.0114329
0.01111
0.0107866
0.0104595
0.0101348
0.00979873
0.00947377
0.00914569
0.00881485
0.008488
0.00816051
0.00784245
0.00751983
0.00720899
0.00690124
0.00660485
0.00631955
0.00605192
0.00580417
0.00558305
0.00537577
0.00518514
0.00503641
0.00493618
0.00487887
0.00485763
0.00481401
0.00462187
0.00384688
0.00142739
-0.00519593
-0.022689
-0.0641192
-0.15418
-0.338778
-0.696202
-1.36149
-2.54851
-4.61332
-8.01504
-13.3149
-21.2143
-32.2008
-46.4477
-64.6674
-86.2547
-109.785
-133.922
-152.866
-164.038
-166.274
-158.584
-145.065
-129.222
-114.612
-102.081
-91.1193
-80.6761
-70.0058
-60.2112
-51.8408
-44.1056
-37.3461
-31.6723
-27.3895
-24.3232
-21.593
-18.8054
-15.7532
-12.4463
-8.9697
-5.95037
-3.68489
-1.91997
-0.860224
-0.426873
-0.280329
-0.219764
-0.207211
-0.179666
-0.150817
-0.124334
-0.101588
-0.082847
-0.0698489
-0.0595838
-0.0531062
-0.0493286
-0.0477557
-0.0481585
-0.0493145
-0.0509979
-0.0536237
-0.0569425
-0.0612766
-0.0670411
-0.0739115
-0.0844245
-0.0984023
-0.116999
-0.143343
-0.178427
-0.226568
-0.292197
-0.383606
-0.51477
-0.690399
-0.926063
-1.17854
-1.50786
-1.6792
-1.28746
-2.10191
-7.8172
-32.0555
-110.656
-222.872
-357.818
-531.672
-898.954
-1595.34
-2873.73
-5117.66
-8934.43
-15804.9
-28445.1
-48141.9
-65997.4
-248433
-3.28797e+06
-928138
-27048.7
)
;
    }
    interface
    {
        type            calculated;
        value           nonuniform List<scalar> 
200
(
0.0186543
0.03355
0.0448243
0.0556307
0.0661137
0.0758961
0.0848868
0.0930509
0.100527
0.107406
0.113765
0.119652
0.125157
0.130311
0.135154
0.139778
0.144239
0.148508
0.1527
0.156826
0.160965
0.165109
0.169334
0.173665
0.178166
0.182906
0.187979
0.193482
0.199538
0.206307
0.213999
0.222856
0.232972
0.244393
0.253065
0.231576
-0.0102368
-1.87473
-17.2088
-163.007
-1736.04
-14978.8
-37737.9
-37004.2
-34938.1
-33018.8
-31657
-30562.5
-29641.5
-28906.5
-28250.3
-27712.1
-27215.4
-26765.9
-26335.8
-25889.2
-25457.7
-25060.3
-24685.3
-24324.2
-23964.1
-23609.1
-23270.3
-22918.7
-22594.3
-22308.4
-22000.2
-21768.9
-21716
-21755
-21878.5
-22128.8
-22605
-23015.4
-23448.6
-24087.2
-24337.2
-24235.6
-23938.1
-23444.3
-22673.3
-21688.9
-20302.5
-18612.4
-17320.1
-16808
-16832.2
-17231.1
-18512.5
-22763
-26231.1
-29118.5
-31701.4
-34200.9
-36399.9
-38145.1
-39687.9
-41060.4
-42305.1
-43586.1
-44841.7
-45878
-46655.9
-47267.2
-47818.1
-48310.1
-48755.2
-48847.2
-48954
-48973
-48923.8
-48723.9
-48243.7
-48018.8
-47462.8
-46916.6
-46371.4
-46109.1
-46169.5
-46488.9
-42871.8
-38986.8
-38231.3
-38978.4
-41072.5
-44668.5
-47094.5
-47206.1
-47230
-47278.7
-47364
-47518
-47782.6
-48076.7
-45132.7
-40646.9
-38014.8
-36834.9
-36311.4
-36129
-36041.5
-35654.1
-34371.3
-32759.9
-30947.9
-29096.3
-27444.5
-25616.6
-23391.9
-20749.7
-17958.4
-15411.4
-13258.1
-11437.5
-9900.09
-8649.56
-7599.57
-6670.23
-5897.91
-5338.17
-4910.36
-4521.02
-4174.74
-3903.17
-3702.42
-3560.02
-3476.2
-3420.91
-3335.29
-3238.45
-3211.49
-3203.61
-3194.81
-3179.24
-3181.37
-3189.97
-3183.9
-3154.6
-3134.1
-3138.97
-3437.39
-6089.72
-10368.4
-12284
-12669.9
-11571.7
-8034.45
-4940.36
-2538.91
-2177.91
-2180.95
-2342.11
-2810.84
-3211.33
-3399.97
-3481.74
-3501.73
-3415.93
-3332.37
-2407.02
)
;
    }
    frontAndback
    {
        type            empty;
        value           nonuniform 0();
    }
}


// ************************************************************************* //
