/*--------------------------------*- C++ -*----------------------------------*\
| =========                 |                                                 |
| \\      /  F ield         | OpenFOAM: The Open Source CFD Toolbox           |
|  \\    /   O peration     | Version:  dev                                   |
|   \\  /    A nd           | Web:      www.OpenFOAM.org                      |
|    \\/     M anipulation  |                                                 |
\*---------------------------------------------------------------------------*/
FoamFile
{
    version     2.0;
    format      ascii;
    class       surfaceScalarField;
    location    "100";
    object      phi;
}
// * * * * * * * * * * * * * * * * * * * * * * * * * * * * * * * * * * * * * //

dimensions      [1 0 -1 0 0 0 0];

internalField   nonuniform List<scalar> 
7780
(
2.53094e-06
8.39905e-06
2.4152e-06
1.16963e-05
1.66585e-06
1.30193e-05
1.12868e-06
1.35375e-05
7.76819e-07
1.4126e-05
5.87732e-07
1.47831e-05
4.86697e-07
1.55638e-05
4.45259e-07
1.64246e-05
4.40209e-07
1.73634e-05
4.65835e-07
1.8366e-05
4.98813e-07
1.94534e-05
5.5457e-07
2.05905e-05
5.99475e-07
2.18303e-05
6.74784e-07
2.31019e-05
7.25465e-07
2.45061e-05
8.3776e-07
2.59061e-05
9.28474e-07
2.74763e-05
1.12863e-06
2.90077e-05
1.50554e-06
3.05693e-05
3.20454e-05
2.1117e-06
6.28797e-06
2.85348e-06
1.09551e-05
2.59912e-06
1.32743e-05
1.98342e-06
1.41538e-05
1.34746e-06
1.47627e-05
8.53988e-07
1.52773e-05
5.01695e-07
1.59169e-05
2.67469e-07
1.66596e-05
1.18616e-07
1.75131e-05
2.34286e-08
1.8462e-05
-1.76563e-08
1.94953e-05
-4.6952e-08
2.06206e-05
-2.62079e-08
2.18104e-05
-2.32712e-08
2.30998e-05
7.92767e-08
2.44043e-05
1.42658e-07
2.58434e-05
4.31968e-07
2.71876e-05
7.89228e-07
2.86509e-05
1.78082e-06
2.9578e-05
3.05612e-05
1.62001e-06
4.66858e-06
2.59738e-06
9.97835e-06
2.7218e-06
1.31505e-05
2.29727e-06
1.4579e-05
1.65473e-06
1.54059e-05
1.01873e-06
1.59141e-05
4.91593e-07
1.64448e-05
9.26891e-08
1.70594e-05
-1.94486e-07
1.78011e-05
-4.01517e-07
1.86699e-05
-5.31921e-07
1.96266e-05
-6.30596e-07
2.07202e-05
-6.55793e-07
2.18364e-05
-6.8105e-07
2.31259e-05
-5.80943e-07
2.4305e-05
-4.74793e-07
2.5738e-05
-6.07711e-08
2.67742e-05
4.6171e-07
2.81288e-05
1.8699e-06
2.81701e-05
2.86323e-05
1.01367e-06
3.65555e-06
1.96841e-06
9.02423e-06
2.37916e-06
1.27404e-05
2.17823e-06
1.47807e-05
1.6492e-06
1.59357e-05
9.98827e-07
1.65653e-05
3.83388e-07
1.70611e-05
-1.3288e-07
1.75765e-05
-5.36889e-07
1.8206e-05
-8.44543e-07
1.89785e-05
-1.06289e-06
1.98459e-05
-1.22823e-06
2.08864e-05
-1.30338e-06
2.19125e-05
-1.35623e-06
2.31796e-05
-1.26304e-06
2.42126e-05
-1.13591e-06
2.56116e-05
-6.39444e-07
2.62783e-05
2.77192e-09
2.74871e-05
1.63398e-06
2.65392e-05
2.6496e-05
6.21784e-07
3.03442e-06
1.37003e-06
8.27663e-06
1.83547e-06
1.22757e-05
1.80337e-06
1.48136e-05
1.40569e-06
1.63342e-05
8.04897e-07
1.71669e-05
1.63326e-07
1.77035e-05
-4.26075e-07
1.81668e-05
-9.19641e-07
1.87005e-05
-1.31479e-06
1.93746e-05
-1.615e-06
2.0147e-05
-1.84112e-06
2.11135e-05
-1.97415e-06
2.20464e-05
-2.06106e-06
2.32674e-05
-1.98235e-06
2.41348e-05
-1.84338e-06
2.54734e-05
-1.31643e-06
2.5752e-05
-6.00402e-07
2.67716e-05
1.12641e-06
2.48127e-05
2.42742e-05
3.68308e-07
2.66678e-06
8.94906e-07
7.75071e-06
1.29011e-06
1.18812e-05
1.32335e-06
1.47811e-05
1.01829e-06
1.66401e-05
4.77894e-07
1.77082e-05
-1.58737e-07
1.83411e-05
-7.87258e-07
1.87963e-05
-1.34638e-06
1.92606e-05
-1.81335e-06
1.98425e-05
-2.1893e-06
2.0524e-05
-2.47339e-06
2.13986e-05
-2.67073e-06
2.22448e-05
-2.77923e-06
2.33769e-05
-2.75678e-06
2.41132e-05
-2.61268e-06
2.53301e-05
-2.09937e-06
2.52394e-05
-1.38359e-06
2.60563e-05
3.59664e-07
2.30698e-05
2.20844e-05
2.11183e-07
2.45629e-06
5.37606e-07
7.42498e-06
8.0319e-07
1.16164e-05
8.20054e-07
1.47651e-05
5.53681e-07
1.69074e-05
5.53675e-08
1.82074e-05
-5.68288e-07
1.89657e-05
-1.21901e-06
1.9448e-05
-1.82755e-06
1.98701e-05
-2.35742e-06
2.03734e-05
-2.80084e-06
2.09684e-05
-3.14986e-06
2.17486e-05
-3.40612e-06
2.2502e-05
-3.55881e-06
2.35305e-05
-3.58403e-06
2.41393e-05
-3.45332e-06
2.52002e-05
-3.01707e-06
2.48038e-05
-2.36145e-06
2.54012e-05
-7.28031e-07
2.14367e-05
1.99689e-05
1.10052e-07
2.34695e-06
2.68248e-07
7.2675e-06
3.85543e-07
1.14999e-05
3.30904e-07
1.48206e-05
5.33297e-08
1.71859e-05
-4.32244e-07
1.86939e-05
-1.0512e-06
1.95856e-05
-1.7196e-06
2.01174e-05
-2.36946e-06
2.0521e-05
-2.95566e-06
2.09607e-05
-3.46307e-06
2.14769e-05
-3.87872e-06
2.21653e-05
-4.20121e-06
2.28255e-05
-4.41229e-06
2.37426e-05
-4.49734e-06
2.42253e-05
-4.41806e-06
2.51217e-05
-4.08309e-06
2.44695e-05
-3.47858e-06
2.47972e-05
-2.05078e-06
2.00092e-05
1.79839e-05
4.11167e-08
2.30658e-06
6.03468e-08
7.24902e-06
2.93424e-08
1.15317e-05
-1.26973e-07
1.49778e-05
-4.56403e-07
1.75162e-05
-9.60802e-07
1.91993e-05
-1.59204e-06
2.02178e-05
-2.284e-06
2.08103e-05
-2.97236e-06
2.12104e-05
-3.61199e-06
2.16013e-05
-4.18289e-06
2.20488e-05
-4.66786e-06
2.26514e-05
-5.06562e-06
2.32244e-05
-5.35061e-06
2.40286e-05
-5.51521e-06
2.43909e-05
-5.51899e-06
2.51264e-05
-5.3021e-06
2.42534e-05
-4.78716e-06
2.42828e-05
-3.57475e-06
1.87971e-05
1.61571e-05
-9.65626e-09
2.31701e-06
-1.06985e-07
7.34712e-06
-2.78222e-07
1.17037e-05
-5.53793e-07
1.52542e-05
-9.63137e-07
1.79265e-05
-1.51425e-06
1.97514e-05
-2.17723e-06
2.08818e-05
-2.90112e-06
2.15353e-05
-3.63249e-06
2.19429e-05
-4.3267e-06
2.22967e-05
-4.96291e-06
2.26862e-05
-5.52092e-06
2.32105e-05
-6.00375e-06
2.37083e-05
-6.37936e-06
2.44053e-05
-6.64731e-06
2.46598e-05
-6.76251e-06
2.52424e-05
-6.68623e-06
2.41778e-05
-6.29546e-06
2.38926e-05
-5.33749e-06
1.78394e-05
1.45359e-05
-4.9783e-08
2.3676e-06
-2.47835e-07
7.54598e-06
-5.50612e-07
1.20074e-05
-9.51946e-07
1.56565e-05
-1.4612e-06
1.84367e-05
-2.08218e-06
2.03734e-05
-2.79595e-06
2.15967e-05
-3.56483e-06
2.23053e-05
-4.34549e-06
2.27247e-05
-5.09821e-06
2.30505e-05
-5.80416e-06
2.33933e-05
-6.44201e-06
2.38495e-05
-7.01963e-06
2.4287e-05
-7.504e-06
2.48907e-05
-7.90073e-06
2.50575e-05
-8.15379e-06
2.54964e-05
-8.24543e-06
2.42702e-05
-8.02059e-06
2.36684e-05
-7.37149e-06
1.71907e-05
1.31801e-05
-8.35756e-08
2.45203e-06
-3.71934e-07
7.83519e-06
-7.98442e-07
1.24348e-05
-1.32893e-06
1.6188e-05
-1.95084e-06
1.90597e-05
-2.65939e-06
2.1083e-05
-3.44123e-06
2.23796e-05
-4.26848e-06
2.31336e-05
-5.10709e-06
2.35644e-05
-5.92559e-06
2.38702e-05
-6.70851e-06
2.41774e-05
-7.43647e-06
2.45787e-05
-8.12086e-06
2.49726e-05
-8.73253e-06
2.55035e-05
-9.28263e-06
2.56087e-05
-9.69897e-06
2.59137e-05
-9.98119e-06
2.45533e-05
-9.95069e-06
2.36385e-05
-9.61182e-06
1.68521e-05
1.20916e-05
-1.14404e-07
2.56732e-06
-4.86355e-07
8.20803e-06
-1.03145e-06
1.29809e-05
-1.69164e-06
1.68492e-05
-2.43563e-06
1.98047e-05
-3.24471e-06
2.18932e-05
-4.10998e-06
2.3246e-05
-5.00853e-06
2.40334e-05
-5.91639e-06
2.44735e-05
-6.81022e-06
2.47653e-05
-7.68012e-06
2.50485e-05
-8.51178e-06
2.54116e-05
-9.3188e-06
2.57808e-05
-1.00755e-05
2.62614e-05
-1.07981e-05
2.63324e-05
-1.14004e-05
2.6517e-05
-1.18854e-05
2.50391e-05
-1.20527e-05
2.38063e-05
-1.19863e-05
1.67861e-05
1.12371e-05
-1.44278e-07
2.71253e-06
-5.96423e-07
8.66111e-06
-1.257e-06
1.36425e-05
-2.04757e-06
1.76408e-05
-2.91774e-06
2.0676e-05
-3.84288e-06
2.28195e-05
-4.80309e-06
2.42074e-05
-5.78518e-06
2.50167e-05
-6.77474e-06
2.54643e-05
-7.75453e-06
2.57463e-05
-8.72551e-06
2.60208e-05
-9.67654e-06
2.63639e-05
-1.06246e-05
2.67301e-05
-1.15438e-05
2.71818e-05
-1.24526e-05
2.72424e-05
-1.32533e-05
2.73188e-05
-1.39422e-05
2.57289e-05
-1.42834e-05
2.41482e-05
-1.44247e-05
1.69278e-05
1.05692e-05
-1.73652e-07
2.88717e-06
-7.06175e-07
9.19463e-06
-1.48213e-06
1.44195e-05
-2.40509e-06
1.85649e-05
-3.40813e-06
2.16802e-05
-4.45343e-06
2.38661e-05
-5.52107e-06
2.52763e-05
-6.59996e-06
2.60969e-05
-7.68256e-06
2.65483e-05
-8.7685e-06
2.68336e-05
-9.85384e-06
2.71075e-05
-1.09412e-05
2.74526e-05
-1.20483e-05
2.78386e-05
-1.31472e-05
2.82819e-05
-1.42512e-05
2.83476e-05
-1.52467e-05
2.83154e-05
-1.61213e-05
2.66044e-05
-1.66004e-05
2.4628e-05
-1.68761e-05
1.7204e-05
1.00388e-05
-2.04606e-07
3.09282e-06
-8.19094e-07
9.81016e-06
-1.71239e-06
1.53139e-05
-2.77069e-06
1.96244e-05
-3.91154e-06
2.28223e-05
-5.08664e-06
2.50425e-05
-6.27131e-06
2.64623e-05
-7.45963e-06
2.72866e-05
-8.65159e-06
2.77416e-05
-9.85317e-06
2.80366e-05
-1.10719e-05
2.83277e-05
-1.23176e-05
2.86997e-05
-1.35999e-05
2.91223e-05
-1.48905e-05
2.95739e-05
-1.61907e-05
2.96491e-05
-1.73644e-05
2.94903e-05
-1.83902e-05
2.76312e-05
-1.8965e-05
2.52035e-05
-1.93103e-05
1.75497e-05
9.60585e-06
-2.37754e-07
3.33168e-06
-9.38159e-07
1.05117e-05
-1.95306e-06
1.633e-05
-3.15115e-06
2.08238e-05
-4.43538e-06
2.41079e-05
-5.74758e-06
2.6356e-05
-7.06063e-06
2.77768e-05
-8.37142e-06
2.85988e-05
-9.68751e-06
2.90592e-05
-1.1023e-05
2.93737e-05
-1.23946e-05
2.97008e-05
-1.38131e-05
3.01198e-05
-1.52858e-05
3.05965e-05
-1.67737e-05
3.10633e-05
-1.826e-05
3.11368e-05
-1.95862e-05
3.08177e-05
-2.07196e-05
2.87656e-05
-2.13478e-05
2.58326e-05
-2.17142e-05
1.79166e-05
9.24296e-06
-2.74045e-07
3.60689e-06
-1.06651e-06
1.13053e-05
-2.20955e-06
1.74743e-05
-3.55385e-06
2.21694e-05
-4.98828e-06
2.55437e-05
-6.44687e-06
2.7816e-05
-7.89817e-06
2.92296e-05
-9.34496e-06
3.00471e-05
-1.08014e-05
3.05172e-05
-1.229e-05
3.08638e-05
-1.38326e-05
3.12451e-05
-1.5441e-05
3.17297e-05
-1.71122e-05
3.22693e-05
-1.87975e-05
3.27502e-05
-2.04443e-05
3.2785e-05
-2.18905e-05
3.22652e-05
-2.30839e-05
2.996e-05
-2.37371e-05
2.64867e-05
-2.40862e-05
1.82661e-05
8.93644e-06
-3.14534e-07
3.92267e-06
-1.20722e-06
1.21993e-05
-2.4875e-06
1.87559e-05
-3.98658e-06
2.36699e-05
-5.57963e-06
2.71382e-05
-7.19219e-06
2.94301e-05
-8.79513e-06
3.08341e-05
-1.03923e-05
3.16459e-05
-1.20061e-05
3.21327e-05
-1.3666e-05
3.25254e-05
-1.53964e-05
3.29772e-05
-1.72047e-05
3.35397e-05
-1.90745e-05
3.41408e-05
-2.09412e-05
3.46185e-05
-2.27268e-05
3.45722e-05
-2.42679e-05
3.38078e-05
-2.54675e-05
3.11608e-05
-2.61052e-05
2.71253e-05
-2.6441e-05
1.86026e-05
8.67271e-06
-3.60463e-07
4.28445e-06
-1.36398e-06
1.32041e-05
-2.7933e-06
2.01866e-05
-4.45824e-06
2.53363e-05
-6.22021e-06
2.89018e-05
-7.99892e-06
3.12105e-05
-9.76618e-06
3.2603e-05
-1.15278e-05
3.34092e-05
-1.33165e-05
3.39232e-05
-1.51653e-05
3.4376e-05
-1.70976e-05
3.49114e-05
-1.9112e-05
3.55559e-05
-2.11738e-05
3.62045e-05
-2.31976e-05
3.66441e-05
-2.50877e-05
3.6464e-05
-2.6656e-05
3.53776e-05
-2.78587e-05
3.23647e-05
-2.84683e-05
2.77359e-05
-2.87839e-05
1.89189e-05
8.45029e-06
-4.13276e-07
4.69914e-06
-1.54093e-06
1.43332e-05
-3.13418e-06
2.17814e-05
-4.97864e-06
2.71824e-05
-6.92208e-06
3.08469e-05
-8.87942e-06
3.31695e-05
-1.08248e-05
3.45502e-05
-1.27675e-05
3.53538e-05
-1.47485e-05
3.59061e-05
-1.68021e-05
3.64315e-05
-1.89461e-05
3.70574e-05
-2.11654e-05
3.77771e-05
-2.34043e-05
3.84454e-05
-2.55585e-05
3.88001e-05
-2.75126e-05
3.84199e-05
-2.9088e-05
3.69545e-05
-3.02536e-05
3.35317e-05
-3.08298e-05
2.83132e-05
-3.11294e-05
1.92192e-05
8.26833e-06
-4.74757e-07
5.17539e-06
-1.74321e-06
1.56031e-05
-3.51854e-06
2.35583e-05
-5.55923e-06
2.92247e-05
-7.69907e-06
3.29885e-05
-9.84934e-06
3.53216e-05
-1.19867e-05
3.66894e-05
-1.41324e-05
3.75015e-05
-1.63192e-05
3.80949e-05
-1.85902e-05
3.87045e-05
-2.095e-05
3.94193e-05
-2.33652e-05
4.01945e-05
-2.5758e-05
4.08403e-05
-2.80079e-05
4.10519e-05
-2.99883e-05
4.04022e-05
-3.15419e-05
3.85098e-05
-3.2655e-05
3.46462e-05
-3.32021e-05
2.88614e-05
-3.34895e-05
1.95074e-05
8.12591e-06
-5.47043e-07
5.72403e-06
-1.9769e-06
1.70346e-05
-3.9562e-06
2.55393e-05
-6.21319e-06
3.14835e-05
-8.56702e-06
3.53442e-05
-1.09268e-05
3.76834e-05
-1.32738e-05
3.90384e-05
-1.56348e-05
3.98647e-05
-1.80457e-05
4.0508e-05
-2.05425e-05
4.12035e-05
-2.31151e-05
4.19941e-05
-2.5709e-05
4.27907e-05
-2.82256e-05
4.33591e-05
-3.05333e-05
4.33617e-05
-3.25065e-05
4.23775e-05
-3.40168e-05
4.00219e-05
-3.50706e-05
3.57016e-05
-3.55953e-05
2.93873e-05
-3.58749e-05
1.97877e-05
8.02087e-06
-6.32892e-07
6.35862e-06
-2.24998e-06
1.86534e-05
-4.45999e-06
2.77511e-05
-6.95698e-06
3.39824e-05
-9.54521e-06
3.79344e-05
-1.2133e-05
4.02732e-05
-1.4707e-05
4.16146e-05
-1.72992e-05
4.2459e-05
-1.99506e-05
4.31618e-05
-2.26714e-05
4.39266e-05
-2.54458e-05
4.47709e-05
-2.81935e-05
4.55407e-05
-3.07987e-05
4.59667e-05
-3.3127e-05
4.56923e-05
-3.50635e-05
4.43162e-05
-3.65162e-05
4.14766e-05
-3.75108e-05
3.66978e-05
-3.80198e-05
2.98977e-05
-3.82944e-05
2.00631e-05
7.94972e-06
-7.3629e-07
7.09673e-06
-2.57093e-06
2.04899e-05
-5.04421e-06
3.02263e-05
-7.80932e-06
3.67496e-05
-1.06554e-05
4.07826e-05
-1.34915e-05
4.31116e-05
-1.6311e-05
4.44364e-05
-1.91498e-05
4.53002e-05
-2.20453e-05
4.60598e-05
-2.49875e-05
4.68713e-05
-2.79454e-05
4.77315e-05
-3.0815e-05
4.84129e-05
-3.34706e-05
4.86248e-05
-3.57841e-05
4.80083e-05
-3.76611e-05
4.61955e-05
-3.90474e-05
4.28649e-05
-3.99865e-05
3.76388e-05
-4.04848e-05
3.03974e-05
-4.07553e-05
2.03345e-05
7.90799e-06
-8.61736e-07
7.96041e-06
-2.95256e-06
2.25827e-05
-5.72757e-06
3.30034e-05
-8.79352e-06
3.98178e-05
-1.19238e-05
4.39152e-05
-1.50301e-05
4.62202e-05
-1.81129e-05
4.75217e-05
-2.12094e-05
4.83993e-05
-2.43464e-05
4.91995e-05
-2.75042e-05
5.00318e-05
-3.06165e-05
5.08465e-05
-3.35706e-05
5.13698e-05
-3.62373e-05
5.12942e-05
-3.85044e-05
5.02779e-05
-4.03049e-05
4.79985e-05
-4.16203e-05
4.41826e-05
-4.25083e-05
3.85287e-05
-4.29973e-05
3.08878e-05
-4.32635e-05
2.06017e-05
7.89071e-06
-1.01576e-06
8.97824e-06
-3.41099e-06
2.498e-05
-6.53379e-06
3.61285e-05
-9.93845e-06
4.32247e-05
-1.33825e-05
4.73617e-05
-1.67818e-05
4.96221e-05
-2.01444e-05
5.0887e-05
-2.35064e-05
5.17641e-05
-2.68825e-05
5.25784e-05
-3.02429e-05
5.33952e-05
-3.34619e-05
5.40684e-05
-3.64592e-05
5.43701e-05
-3.90982e-05
5.39361e-05
-4.12915e-05
5.24741e-05
-4.30033e-05
4.97129e-05
-4.42457e-05
4.54273e-05
-4.50853e-05
3.93704e-05
-4.55632e-05
3.13674e-05
-4.58234e-05
2.08629e-05
7.89277e-06
-1.20731e-06
1.01878e-05
-3.96821e-06
2.77432e-05
-7.49348e-06
3.96561e-05
-1.12804e-05
4.70141e-05
-1.50703e-05
5.11543e-05
-1.87855e-05
5.334e-05
-2.24413e-05
5.45457e-05
-2.60699e-05
5.53956e-05
-2.96683e-05
5.61798e-05
-3.31771e-05
5.6907e-05
-3.64848e-05
5.73793e-05
-3.94812e-05
5.73696e-05
-4.20561e-05
5.65142e-05
-4.41526e-05
5.45736e-05
-4.57664e-05
5.13296e-05
-4.69335e-05
4.65969e-05
-4.77247e-05
4.01638e-05
-4.81874e-05
3.18318e-05
-4.84385e-05
2.11151e-05
7.90919e-06
-1.44954e-06
1.16397e-05
-4.65351e-06
3.09495e-05
-8.64614e-06
4.36513e-05
-1.2865e-05
5.12357e-05
-1.70354e-05
5.53275e-05
-2.10883e-05
5.73958e-05
-2.50459e-05
5.85063e-05
-2.89336e-05
5.92865e-05
-3.27293e-05
5.99788e-05
-3.63564e-05
6.05374e-05
-3.97133e-05
6.07395e-05
-4.26406e-05
6.03004e-05
-4.51173e-05
5.89942e-05
-4.70966e-05
5.65561e-05
-4.86042e-05
5.28401e-05
-4.96923e-05
4.76877e-05
-5.04321e-05
4.09058e-05
-5.08732e-05
3.22747e-05
-5.11113e-05
2.13544e-05
7.93526e-06
-1.76135e-06
1.34036e-05
-5.50514e-06
3.46959e-05
-1.00454e-05
4.81943e-05
-1.47533e-05
5.59464e-05
-1.93397e-05
5.99169e-05
-2.37479e-05
6.18071e-05
-2.80076e-05
6.27692e-05
-3.2135e-05
6.34173e-05
-3.60898e-05
6.3937e-05
-3.97802e-05
6.42315e-05
-4.30967e-05
6.40597e-05
-4.5942e-05
6.31493e-05
-4.82891e-05
6.13449e-05
-5.01338e-05
5.84041e-05
-5.15259e-05
5.42355e-05
-5.25287e-05
4.86935e-05
-5.32111e-05
4.15907e-05
-5.36229e-05
3.26884e-05
-5.38433e-05
2.1576e-05
7.96659e-06
-2.17164e-06
1.55779e-05
-6.57626e-06
3.91033e-05
-1.17615e-05
5.33825e-05
-1.70209e-05
6.12088e-05
-2.2059e-05
6.49582e-05
-2.68343e-05
6.65858e-05
-3.13845e-05
6.7323e-05
-3.57169e-05
6.77533e-05
-3.97766e-05
6.80005e-05
-4.34669e-05
6.79256e-05
-4.66971e-05
6.72937e-05
-4.94233e-05
6.58793e-05
-5.15817e-05
6.35071e-05
-5.32733e-05
6.00994e-05
-5.45386e-05
5.55042e-05
-5.54472e-05
4.96052e-05
-5.60639e-05
4.22101e-05
-5.64376e-05
3.30643e-05
-5.66353e-05
2.17751e-05
7.99914e-06
-2.72081e-06
1.83016e-05
-7.94956e-06
4.4335e-05
-1.39068e-05
5.93428e-05
-1.97874e-05
6.70927e-05
-2.53005e-05
7.04748e-05
-3.04369e-05
7.17258e-05
-3.52458e-05
7.21356e-05
-3.9727e-05
7.22384e-05
-4.38184e-05
7.20959e-05
-4.74324e-05
7.15437e-05
-5.05059e-05
7.03714e-05
-5.30175e-05
6.8395e-05
-5.50004e-05
6.5494e-05
-5.65219e-05
6.16249e-05
-5.76475e-05
5.66334e-05
-5.84497e-05
5.04107e-05
-5.89906e-05
4.27538e-05
-5.93173e-05
3.33932e-05
-5.94873e-05
2.19465e-05
8.02885e-06
-3.47429e-06
2.1779e-05
-9.72856e-06
5.05924e-05
-1.65863e-05
6.62039e-05
-2.31618e-05
7.36716e-05
-2.9178e-05
7.64947e-05
-3.4658e-05
7.72096e-05
-3.96696e-05
7.71512e-05
-4.42166e-05
7.67895e-05
-4.82451e-05
7.61286e-05
-5.16956e-05
7.49986e-05
-5.45379e-05
7.32181e-05
-5.68063e-05
7.06678e-05
-5.8575e-05
6.72671e-05
-5.9885e-05
6.29391e-05
-6.08542e-05
5.76065e-05
-6.15359e-05
5.10959e-05
-6.19902e-05
4.32111e-05
-6.22607e-05
3.36661e-05
-6.23977e-05
2.2085e-05
8.0527e-06
-4.53734e-06
2.63196e-05
-1.2142e-05
5.82005e-05
-2.01101e-05
7.41755e-05
-2.74269e-05
8.09922e-05
-3.38949e-05
8.29666e-05
-3.96362e-05
8.29551e-05
-4.47477e-05
8.2267e-05
-4.924e-05
8.12863e-05
-5.30835e-05
7.99767e-05
-5.62604e-05
7.81802e-05
-5.88004e-05
7.57627e-05
-6.0767e-05
7.26391e-05
-6.22561e-05
6.87608e-05
-6.33606e-05
6.40481e-05
-6.41569e-05
5.84069e-05
-6.47036e-05
5.16464e-05
-6.50599e-05
4.35707e-05
-6.52656e-05
3.38742e-05
-6.53646e-05
2.21856e-05
8.06778e-06
-6.07829e-06
3.24014e-05
-1.53022e-05
6.7428e-05
-2.45209e-05
8.3398e-05
-3.2677e-05
8.91523e-05
-3.96174e-05
8.99112e-05
-4.55156e-05
8.88578e-05
-5.05749e-05
8.73309e-05
-5.48473e-05
8.55634e-05
-5.8356e-05
8.34903e-05
-6.11432e-05
8.09724e-05
-6.32929e-05
7.79175e-05
-6.49119e-05
7.42631e-05
-6.60942e-05
6.9948e-05
-6.69484e-05
6.4907e-05
-6.75515e-05
5.90144e-05
-6.7948e-05
5.20469e-05
-6.81956e-05
4.38217e-05
-6.83284e-05
3.40097e-05
-6.8385e-05
2.2244e-05
8.07161e-06
-8.46221e-06
4.08674e-05
-2.0132e-05
7.91016e-05
-3.09137e-05
9.41838e-05
-3.96277e-05
9.78707e-05
-4.66999e-05
9.69878e-05
-5.24873e-05
9.465e-05
-5.72472e-05
9.20957e-05
-6.10752e-05
8.93966e-05
-6.40713e-05
8.64916e-05
-6.63378e-05
8.32442e-05
-6.80108e-05
7.95959e-05
-6.92127e-05
7.54703e-05
-7.00639e-05
7.08044e-05
-7.06378e-05
6.5486e-05
-7.10306e-05
5.9412e-05
-7.12624e-05
5.22829e-05
-7.13912e-05
4.39542e-05
-7.14445e-05
3.40659e-05
-7.14551e-05
2.22565e-05
8.06224e-06
-1.20489e-05
5.29204e-05
-2.61181e-05
9.3175e-05
-3.86513e-05
0.000106721
-4.82551e-05
0.000107479
-5.53654e-05
0.000104103
-6.06994e-05
9.9989e-05
-6.48293e-05
9.62309e-05
-6.79358e-05
9.25085e-05
-7.02184e-05
8.87797e-05
-7.18262e-05
8.48577e-05
-7.29372e-05
8.07126e-05
-7.36714e-05
7.62103e-05
-7.41463e-05
7.12849e-05
-7.44128e-05
6.57579e-05
-7.45808e-05
5.95851e-05
-7.46377e-05
5.23443e-05
-7.46394e-05
4.39598e-05
-7.46085e-05
3.4038e-05
-7.45703e-05
2.22203e-05
8.03826e-06
-1.89009e-05
7.18261e-05
-3.7802e-05
0.000112081
-5.1449e-05
0.000120373
-6.00424e-05
0.000116077
-6.60787e-05
0.000110145
-7.03427e-05
0.000104258
-7.33504e-05
9.92442e-05
-7.53902e-05
9.45542e-05
-7.67538e-05
9.01492e-05
-7.75672e-05
8.56771e-05
-7.80387e-05
8.11902e-05
-7.82521e-05
7.64296e-05
-7.83235e-05
7.13623e-05
-7.83139e-05
6.5754e-05
-7.8144e-05
5.94205e-05
-7.80606e-05
5.22657e-05
-7.79316e-05
4.38349e-05
-7.7814e-05
3.39237e-05
-7.77255e-05
2.21339e-05
7.99881e-06
-2.68208e-05
9.8661e-05
-4.95185e-05
0.000134787
-6.64086e-05
0.000137269
-7.46626e-05
0.000124337
-7.90922e-05
0.00011458
-8.13313e-05
0.000106503
-8.27568e-05
0.000100676
-8.33478e-05
9.51514e-05
-8.35928e-05
9.04006e-05
-8.34908e-05
8.55816e-05
-8.32605e-05
8.09664e-05
-8.29143e-05
7.60899e-05
-8.25506e-05
7.10049e-05
-8.21689e-05
6.53784e-05
-8.18255e-05
5.90828e-05
-8.15247e-05
5.19701e-05
-8.12609e-05
4.35755e-05
-8.10532e-05
3.37195e-05
-8.09147e-05
2.19976e-05
7.94364e-06
-5.05826e-05
0.000149372
-7.99228e-05
0.000164196
-9.28667e-05
0.000150232
-9.40345e-05
0.000125512
-9.42502e-05
0.000114802
-9.33427e-05
0.000105602
-9.26574e-05
9.99968e-05
-9.15582e-05
9.40587e-05
-9.05837e-05
8.94329e-05
-8.94935e-05
8.44983e-05
-8.85304e-05
8.00102e-05
-8.76063e-05
7.51726e-05
-8.68052e-05
7.02105e-05
-8.60973e-05
6.4677e-05
-8.55497e-05
5.85412e-05
-8.50077e-05
5.14336e-05
-8.46149e-05
4.31874e-05
-8.43185e-05
3.34267e-05
-8.41321e-05
2.18136e-05
7.87313e-06
-3.66732e-05
0.000185666
-8.66587e-05
0.000214469
-0.000118088
0.000181841
-0.000118358
0.000125812
-0.000111386
0.000107838
-0.000106134
0.000100358
-0.0001028
9.66693e-05
-9.97988e-05
9.10648e-05
-9.75384e-05
8.71796e-05
-9.54485e-05
8.24157e-05
-9.37577e-05
7.83267e-05
-9.22667e-05
7.36889e-05
-9.10391e-05
6.899e-05
-9.00008e-05
6.36456e-05
-8.91633e-05
5.77101e-05
-8.84769e-05
5.0753e-05
-8.79797e-05
4.26952e-05
-8.76029e-05
3.30538e-05
-8.73714e-05
2.15846e-05
7.78847e-06
1.20794e-05
0.000204536
-3.25916e-05
0.000254902
-0.000100647
0.000250567
-0.00012473
0.000150134
-0.000122549
0.000105686
-0.000117021
9.48391e-05
-0.000111913
9.15685e-05
-0.000107617
8.67764e-05
-0.000104164
8.37343e-05
-0.000101219
7.94787e-05
-9.88411e-05
7.59562e-05
-9.68336e-05
7.16892e-05
-9.52059e-05
6.73699e-05
-9.38672e-05
6.23141e-05
-9.28118e-05
5.66615e-05
-9.20273e-05
4.99747e-05
-9.13532e-05
4.20263e-05
-9.08974e-05
3.26022e-05
-9.06262e-05
2.13161e-05
7.69189e-06
-1.05676e-06
0.000244582
-1.01645e-05
0.000261102
-7.71649e-05
0.000316371
-0.000129832
0.000203872
-0.000132187
0.000108171
-0.000126599
8.92696e-05
-0.000119886
8.48649e-05
-0.000114812
8.17104e-05
-0.00011019
7.91196e-05
-0.000106693
7.59906e-05
-0.000103672
7.29436e-05
-0.00010125
6.92748e-05
-9.9257e-05
6.53851e-05
-9.76629e-05
6.07278e-05
-9.63984e-05
5.54042e-05
-9.54079e-05
4.89907e-05
-9.47082e-05
4.13322e-05
-9.41928e-05
3.20912e-05
-9.3892e-05
2.10182e-05
7.58529e-06
-1.82251e-05
0.000297791
-2.98255e-05
0.000270936
-7.57017e-05
0.000360313
-0.00013497
0.000265848
-0.0001415
0.000115083
-0.000134635
8.2434e-05
-0.000126693
7.69325e-05
-0.000121063
7.60894e-05
-0.000115688
7.37527e-05
-0.000111742
7.20536e-05
-0.000108184
6.93944e-05
-0.000105457
6.65563e-05
-0.000103152
6.30885e-05
-0.000101359
5.89429e-05
-9.99245e-05
5.39773e-05
-9.88477e-05
4.79209e-05
-9.80787e-05
4.05692e-05
-9.74861e-05
3.15031e-05
-9.71625e-05
2.06977e-05
7.47277e-06
-1.91239e-05
0.000349395
-5.07522e-05
0.000302691
-7.64301e-05
0.000384444
-0.000130691
0.000321954
-0.000146128
0.00013106
-0.000140463
7.68247e-05
-0.000132578
6.90589e-05
-0.000126252
6.97734e-05
-0.000120595
6.81047e-05
-0.000116227
6.76951e-05
-0.000112363
6.55397e-05
-0.000109397
6.35986e-05
-0.000106864
6.05651e-05
-0.000104928
5.70148e-05
-0.000103366
5.24243e-05
-0.00010222
4.67821e-05
-0.000101399
3.97546e-05
-0.000100772
3.08803e-05
-0.000100433
2.0362e-05
7.36063e-06
-1.77331e-05
0.000397509
-5.50623e-05
0.000340065
-7.17106e-05
0.000399552
-0.000121805
0.00037342
-0.000146794
0.000157072
-0.00014417
7.43127e-05
-0.000137202
6.21074e-05
-0.00013024
6.28212e-05
-0.000124864
6.27386e-05
-0.000120082
6.29227e-05
-0.000116199
6.16664e-05
-0.000113012
6.04212e-05
-0.000110383
5.79452e-05
-0.000108339
5.49809e-05
-0.000106711
5.08042e-05
-0.000105519
4.55985e-05
-0.000104655
3.88968e-05
-0.000104059
3.02893e-05
-0.0001037
2.00063e-05
7.25592e-06
-1.46587e-05
0.000440878
-5.21372e-05
0.000377688
-6.83017e-05
0.000414696
-0.000112054
0.000418742
-0.00014512
0.000191784
-0.000145951
7.53282e-05
-0.000140151
5.63308e-05
-0.000133456
5.61377e-05
-0.000128269
5.75615e-05
-0.000123395
5.80585e-05
-0.000119613
5.78948e-05
-0.000116301
5.71195e-05
-0.000113685
5.534e-05
-0.000111578
5.28837e-05
-0.000109949
4.9184e-05
-0.000108743
4.44e-05
-0.000107893
3.80541e-05
-0.000107364
2.97658e-05
-0.00010697
1.96158e-05
7.15787e-06
-1.1992e-05
0.000480213
-4.8483e-05
0.000414103
-6.4033e-05
0.000429874
-0.000101275
0.000458339
-0.000141168
0.000234018
-0.000146159
8.0586e-05
-0.000141725
5.19268e-05
-0.000135721
5.0146e-05
-0.000130916
5.27672e-05
-0.000126227
5.33808e-05
-0.000122575
5.4254e-05
-0.000119284
5.38391e-05
-0.000116746
5.28127e-05
-0.000114642
5.07896e-05
-0.00011307
4.76209e-05
-0.000111885
4.32241e-05
-0.000111066
3.7243e-05
-0.000110547
2.9252e-05
-0.000110232
1.93052e-05
7.06498e-06
-1.00583e-05
0.000516592
-4.52184e-05
0.000449071
-5.91289e-05
0.000443825
-9.21055e-05
0.000494152
-0.000135664
0.000280806
-0.000144954
9.02924e-05
-0.000142324
4.93398e-05
-0.000137521
4.53574e-05
-0.000132867
4.81248e-05
-0.000128625
4.91502e-05
-0.000125097
5.07372e-05
-0.000121983
5.07364e-05
-0.000119551
5.03917e-05
-0.000117537
4.87864e-05
-0.000116064
4.61582e-05
-0.000114951
4.21207e-05
-0.000114189
3.64889e-05
-0.000113753
2.88216e-05
-0.000113537
1.90939e-05
6.94589e-06
-8.70732e-06
0.000550846
-4.25678e-05
0.000482659
-5.49793e-05
0.000456617
-8.46886e-05
0.000527135
-0.000130607
0.000330629
-0.000143735
0.00010394
-0.000142544
4.81991e-05
-0.000138717
4.15465e-05
-0.000134241
4.36609e-05
-0.00013061
4.55316e-05
-0.000127215
4.73541e-05
-0.000124403
4.79368e-05
-0.000122098
4.80986e-05
-0.000120266
4.69658e-05
-0.000118927
4.48294e-05
-0.000117947
4.11499e-05
-0.000117297
3.58472e-05
-0.000116954
2.84857e-05
-0.000116759
1.89034e-05
6.89541e-06
-7.53904e-06
0.000583383
-4.02195e-05
0.000515049
-5.16191e-05
0.000468236
-7.83864e-05
0.000556405
-0.000124881
0.000381597
-0.000141784
0.000121555
-0.000142212
4.86983e-05
-0.00013928
3.8633e-05
-0.000135368
3.97616e-05
-0.000132178
4.23546e-05
-0.000129015
4.42041e-05
-0.000126533
4.54669e-05
-0.000124412
4.59901e-05
-0.000122829
4.53947e-05
-0.000121665
4.36763e-05
-0.000120876
4.03709e-05
-0.000120374
3.53548e-05
-0.000120158
2.82763e-05
-0.00012004
1.879e-05
6.87979e-06
-6.7205e-06
0.000614679
-3.84822e-05
0.000546547
-4.95663e-05
0.000480277
-7.37051e-05
0.000584664
-0.000119928
0.000432696
-0.000140303
0.000142777
-0.000141878
5.03522e-05
-0.000139515
3.6291e-05
-0.000136244
3.65041e-05
-0.00013334
3.94636e-05
-0.000130546
4.1424e-05
-0.000128366
4.32995e-05
-0.000126515
4.41522e-05
-0.00012522
4.41121e-05
-0.000124289
4.27578e-05
-0.000123743
3.98351e-05
-0.000123435
3.50559e-05
-0.000123372
2.82204e-05
-0.000123353
1.87761e-05
6.90247e-06
-5.86989e-06
0.00064488
-3.68516e-05
0.000577434
-4.82518e-05
0.000492116
-7.00959e-05
0.000607227
-0.000114613
0.000481039
-0.000138225
0.000167331
-0.000141307
5.35375e-05
-0.000139555
3.4563e-05
-0.000136827
3.37914e-05
-0.000134181
3.68312e-05
-0.00013181
3.90667e-05
-0.000129916
4.14193e-05
-0.000128418
4.26681e-05
-0.000127442
4.31493e-05
-0.000126816
4.21436e-05
-0.000126557
3.95881e-05
-0.000126505
3.50132e-05
-0.000126609
2.83318e-05
-0.000126712
1.88838e-05
6.96939e-06
-5.04556e-06
0.000673815
-3.52623e-05
0.000607478
-4.93656e-05
0.000506905
-6.90475e-05
0.000630516
-0.000110442
0.000529603
-0.000137056
0.000195379
-0.000141213
5.78273e-05
-0.000139674
3.30499e-05
-0.000137132
3.12656e-05
-0.000134741
3.44547e-05
-0.000132775
3.71153e-05
-0.00013121
3.98689e-05
-0.00013012
4.1593e-05
-0.000129507
4.25501e-05
-0.000129255
4.19042e-05
-0.000129328
3.96728e-05
-0.000129571
3.52664e-05
-0.000129884
2.86526e-05
-0.000130135
1.91395e-05
7.08897e-06
-3.16965e-06
0.000700562
-3.22699e-05
0.000636342
-5.14791e-05
0.000526031
-7.01057e-05
0.000649947
-0.000107987
0.000570173
-0.000136615
0.000224955
-0.000141167
6.24952e-05
-0.000139666
3.1577e-05
-0.000137198
2.88144e-05
-0.000135036
3.23083e-05
-0.000133425
3.55201e-05
-0.000132249
3.8708e-05
-0.000131621
4.09795e-05
-0.000131432
4.2376e-05
-0.000131619
4.21043e-05
-0.000132073
4.0139e-05
-0.000132653
3.58565e-05
-0.000133217
2.92254e-05
-0.000133647
1.95743e-05
7.26946e-06
-1.06518e-06
0.000725007
-2.95616e-05
0.000664635
-5.35517e-05
0.00054994
-7.29599e-05
0.000669636
-0.000107081
0.000607085
-0.000135949
0.000254765
-0.000140791
6.74746e-05
-0.000139326
3.01474e-05
-0.000136894
2.64004e-05
-0.000134964
3.03946e-05
-0.000133742
3.43146e-05
-0.000133029
3.80109e-05
-0.000132918
4.0884e-05
-0.000133234
4.27064e-05
-0.000133923
4.28075e-05
-0.000134818
4.10465e-05
-0.000135779
3.6829e-05
-0.000136636
3.0091e-05
-0.00013727
2.02143e-05
7.51685e-06
3.25712e-07
0.000747778
-2.79244e-05
0.000692845
-5.34471e-05
0.000575442
-7.34393e-05
0.000689262
-0.000105342
0.000640332
-0.000134771
0.000284868
-0.000139926
7.28095e-05
-0.000138475
2.87396e-05
-0.000136122
2.40684e-05
-0.000134468
2.8757e-05
-0.000133693
3.35559e-05
-0.000133522
3.78573e-05
-0.000134012
4.13893e-05
-0.000134929
4.36393e-05
-0.000136191
4.40838e-05
-0.000137593
4.2462e-05
-0.000138986
3.82332e-05
-0.000140174
3.12882e-05
-0.00014103
2.10767e-05
7.83739e-06
1.17476e-06
0.000769546
-2.63245e-05
0.000720469
-5.15781e-05
0.000600724
-7.10374e-05
0.000707967
-0.000102441
0.000671106
-0.000132742
0.000315629
-0.000138333
7.86538e-05
-0.000136886
2.73501e-05
-0.000134668
2.18728e-05
-0.000133425
2.7532e-05
-0.000133219
3.33668e-05
-0.000133724
3.83802e-05
-0.000134919
4.26008e-05
-0.00013654
4.52765e-05
-0.000138453
4.60123e-05
-0.000140434
4.4457e-05
-0.00014231
4.0121e-05
-0.000143868
3.28555e-05
-0.00014496
2.21749e-05
8.2362e-06
2.29505e-06
0.000790039
-2.43722e-05
0.000747409
-4.90321e-05
0.000625475
-6.66379e-05
0.000724275
-9.88894e-05
0.000700895
-0.000129728
0.000346845
-0.000135642
8.49479e-05
-0.000134284
2.60682e-05
-0.000132392
2.00073e-05
-0.000131751
2.69097e-05
-0.00013227
3.39041e-05
-0.000133616
3.97435e-05
-0.000135655
4.46575e-05
-0.000138098
4.77358e-05
-0.000140753
4.86838e-05
-0.000143385
4.7103e-05
-0.000145795
4.25435e-05
-0.000147759
3.48296e-05
-0.000149104
2.35258e-05
8.71764e-06
3.83314e-06
0.000808937
-2.20008e-05
0.000773608
-4.58096e-05
0.000649441
-6.08621e-05
0.000737498
-9.37828e-05
0.000729978
-0.000125175
0.000378698
-0.000131413
9.1776e-05
-0.000130354
2.51154e-05
-0.000129086
1.87702e-05
-0.000129322
2.71651e-05
-0.000130799
3.54004e-05
-0.000133199
4.21617e-05
-0.000136254
4.77309e-05
-0.000139647
5.11458e-05
-0.000143141
5.21949e-05
-0.000146495
5.04717e-05
-0.000149491
4.55518e-05
-0.000151893
3.72422e-05
-0.000153508
2.51477e-05
9.28716e-06
5.723e-06
0.000825915
-1.91668e-05
0.000798905
-4.21108e-05
0.000672579
-5.42617e-05
0.000747553
-8.64252e-05
0.000757165
-0.000118246
0.000411465
-0.000125081
9.9553e-05
-0.000124735
2.49207e-05
-0.000124541
1.86126e-05
-0.000126044
2.86891e-05
-0.00012882
3.81961e-05
-0.000132509
4.5869e-05
-0.000136766
5.20074e-05
-0.000141252
5.56496e-05
-0.000145685
5.6645e-05
-0.000149827
5.46284e-05
-0.000153455
4.91933e-05
-0.000156321
4.01185e-05
-0.000158225
2.70588e-05
9.94998e-06
7.64865e-06
0.000840567
-1.61218e-05
0.000822973
-3.80642e-05
0.000694741
-4.70528e-05
0.000754279
-7.68627e-05
0.000781886
-0.000108232
0.00044497
-0.000116161
0.000108982
-0.000117176
2.61531e-05
-0.000118643
2.01225e-05
-0.00012187
3.19392e-05
-0.000126331
4.26766e-05
-0.000131602
5.11601e-05
-0.000137272
5.76965e-05
-0.000142994
6.13907e-05
-0.000148462
6.213e-05
-0.000153449
5.96317e-05
-0.00015775
5.35083e-05
-0.000161098
4.34772e-05
-0.000163311
2.92791e-05
1.07095e-05
9.32006e-06
0.000853279
-1.3157e-05
0.00084537
-3.38957e-05
0.00071564
-3.94635e-05
0.000757863
-6.52288e-05
0.000803045
-9.46138e-05
0.000478529
-0.000104358
0.000121079
-0.000107489
2.95927e-05
-0.000111351
2.4037e-05
-0.000116875
3.74872e-05
-0.000123466
4.92884e-05
-0.000130628
5.8342e-05
-0.000137904
6.49923e-05
-0.000144983
6.84895e-05
-0.000151571
6.87354e-05
-0.000157443
6.55204e-05
-0.000162446
5.8526e-05
-0.000166287
4.73288e-05
-0.000168832
3.18323e-05
1.15658e-05
1.08034e-05
0.000864267
-1.0424e-05
0.000866206
-2.9828e-05
0.000735026
-3.16968e-05
0.000758638
-5.1782e-05
0.000818602
-7.69375e-05
0.000512047
-8.93216e-05
0.000137074
-9.56042e-05
3.63014e-05
-0.000102785
3.12826e-05
-0.000111276
4.60035e-05
-0.000120441
5.84745e-05
-0.00012977
6.76921e-05
-0.000138841
7.40836e-05
-0.000147358
7.7026e-05
-0.000155123
7.65195e-05
-0.000161898
7.23122e-05
-0.000167622
6.42641e-05
-0.000171942
5.16605e-05
-0.000174849
3.4747e-05
1.25191e-05
1.16796e-05
0.000873211
-8.08321e-06
0.000884631
-2.60648e-05
0.000752777
-2.45035e-05
0.000756544
-3.75336e-05
0.000829339
-5.53626e-05
0.000545144
-7.11202e-05
0.00015807
-8.17983e-05
4.75485e-05
-9.33116e-05
4.28745e-05
-0.000105438
5.81569e-05
-0.00011757
7.06281e-05
-0.000129289
7.94328e-05
-0.000140297
8.51121e-05
-0.000150282
8.70318e-05
-0.000159251
8.55069e-05
-0.000166919
7.9998e-05
-0.000173362
7.0722e-05
-0.000178153
5.64629e-05
-0.000181419
3.80211e-05
1.35783e-05
1.14198e-05
0.000882032
-6.83843e-06
0.000900667
-2.32806e-05
0.000768744
-1.88053e-05
0.000752822
-2.36216e-05
0.00083711
-3.05984e-05
0.000576542
-5.03481e-05
0.000185096
-6.69212e-05
6.48587e-05
-8.35962e-05
5.96437e-05
-9.99163e-05
7.45058e-05
-0.000115313
8.60472e-05
-0.000129546
9.36872e-05
-0.000142526
9.8114e-05
-0.00015396
9.84865e-05
-0.000164092
9.56583e-05
-0.000172621
8.85447e-05
-0.000179754
7.78695e-05
-0.00018506
6.1781e-05
-0.000188608
4.15772e-05
1.47746e-05
1.00683e-05
0.000891822
-6.97129e-06
0.000914758
-2.20545e-05
0.000782783
-1.54275e-05
0.000749335
-1.13504e-05
0.000839946
-5.64341e-06
0.000609245
-2.84119e-05
0.000217577
-5.24307e-05
8.98005e-05
-7.46894e-05
8.20137e-05
-9.55073e-05
9.53544e-05
-0.000114265
0.000104828
-0.000130976
0.000110419
-0.000145825
0.000112985
-0.000158597
0.00011128
-0.000169782
0.000106863
-0.000179109
9.78895e-05
-0.000186866
8.56419e-05
-0.000192672
6.75999e-05
-0.000196438
4.53515e-05
1.61565e-05
7.36891e-06
0.000901291
-8.81193e-06
0.000924718
-2.26772e-05
0.000795122
-1.51683e-05
0.000746037
-2.33924e-06
0.000838589
1.71614e-05
0.000644761
-7.45441e-06
0.000257129
-3.96248e-05
0.000123091
-6.78156e-05
0.000110329
-9.31774e-05
0.000120748
-0.000115148
0.000126821
-0.000134084
0.000129377
-0.000150508
0.000129431
-0.000164416
0.000125209
-0.000176451
0.000118919
-0.000186488
0.000107945
-0.000194776
9.39456e-05
-0.000201054
7.38903e-05
-0.000205105
4.94117e-05
1.76484e-05
2.29819e-06
0.000912806
-1.30096e-05
0.000932323
-2.5866e-05
0.000805118
-1.8988e-05
0.000746467
1.5216e-06
0.000841889
3.49768e-05
0.000683295
8.47086e-06
0.000304159
-3.09431e-05
0.000164046
-6.49341e-05
0.000144456
-9.4161e-05
0.000150008
-0.000118757
0.00015144
-0.000139405
0.000150048
-0.000156851
0.000146899
-0.000171599
0.000139978
-0.000184207
0.000131547
-0.00019483
0.000118586
-0.000203552
0.000102683
-0.000210273
8.06242e-05
-0.000214614
5.37608e-05
1.92453e-05
-4.22148e-06
0.000929676
-1.99518e-05
0.000940478
-3.22497e-05
0.000814013
-2.68373e-05
0.000753887
1.53641e-06
0.000854407
4.54944e-05
0.000720118
1.57203e-05
0.00035738
-2.93243e-05
0.00021095
-6.79886e-05
0.000183263
-9.98446e-05
0.000181897
-0.000125886
0.000177505
-0.00014737
0.000171555
-0.000165128
0.00016468
-0.000180259
0.000155131
-0.000193138
0.000144446
-0.000204182
0.000129649
-0.00021326
0.000111777
-0.000220395
8.77725e-05
-0.000225
5.83747e-05
2.09655e-05
-1.04496e-05
0.00095127
-2.77791e-05
0.000948955
-4.0599e-05
0.000823199
-3.77751e-05
0.000765509
-2.90906e-06
0.000867296
4.63781e-05
0.000760439
1.19583e-05
0.000415481
-3.80114e-05
0.000262391
-7.89416e-05
0.000224298
-0.000111428
0.000214412
-0.000137228
0.000203327
-0.000158261
0.00019261
-0.000175479
0.000181921
-0.000190426
0.000170099
-0.000203264
0.000157305
-0.000214557
0.000140961
-0.000223939
0.000121176
-0.000231458
9.53045e-05
-0.00023637
6.32953e-05
2.28101e-05
-1.75824e-05
0.000977094
-3.65794e-05
0.000958438
-5.20115e-05
0.000834458
-5.44318e-05
0.000785437
-1.62913e-05
0.000884351
3.25595e-05
0.000817171
-9.73298e-06
0.000476601
-6.04542e-05
0.000313744
-9.96249e-05
0.000263528
-0.000129761
0.000244571
-0.000153111
0.000226699
-0.000172118
0.000211639
-0.000187846
0.000197671
-0.000202
0.000184274
-0.000214523
0.000169848
-0.000225927
0.000152383
-0.000235629
0.000130894
-0.000243549
0.000103238
-0.000248726
6.84811e-05
2.48275e-05
-2.53258e-05
0.00101085
-4.80295e-05
0.000970218
-6.62724e-05
0.000847449
-7.7036e-05
0.000818595
-4.08136e-05
0.000918902
-3.58893e-06
0.000888848
-5.49063e-05
0.000535399
-9.90034e-05
0.000357644
-0.000130835
0.000295316
-0.000154994
0.000268741
-0.000173299
0.000245025
-0.000188598
0.00022696
-0.000201963
0.000211058
-0.000214757
0.000197089
-0.000226807
0.000181918
-0.000238241
0.000163835
-0.000248311
0.00014098
-0.000256692
0.000111631
-0.000262224
7.40222e-05
2.70216e-05
-3.00918e-05
0.00105282
-5.84794e-05
0.000990912
-8.00802e-05
0.000864534
-0.000102869
0.000865539
-7.33135e-05
0.000984953
-5.88622e-05
0.000965873
-0.000118622
0.000592855
-0.000152573
0.000390046
-0.000171763
0.000314293
-0.000185939
0.000282906
-0.000196848
0.000255952
-0.000206863
0.000236997
-0.000217242
0.000221458
-0.000228281
0.000208148
-0.000239882
0.00019354
-0.000251421
0.000175391
-0.000262034
0.00015161
-0.000270919
0.000120528
-0.000276925
8.00371e-05
2.93825e-05
-3.22698e-05
0.00109389
-6.54532e-05
0.00101784
-9.20389e-05
0.000887794
-0.00012954
0.000929925
-0.000119683
0.00109481
-0.000141124
0.00104184
-0.000202244
0.000638135
-0.000219345
0.000403454
-0.000219707
0.000314186
-0.000220052
0.000283209
-0.000221859
0.000257774
-0.00022543
0.000240587
-0.000232847
0.000228896
-0.000242085
0.000217406
-0.000253482
0.000204957
-0.000265341
0.000187268
-0.000276764
0.000163048
-0.000286319
0.000130096
-0.000292967
8.66938e-05
3.19396e-05
-3.49956e-05
0.00114163
-7.28502e-05
0.00104647
-0.000104857
0.000914659
-0.000157522
0.00101858
-0.000177467
0.00124154
-0.000241291
0.00111583
-0.000299937
0.000660681
-0.000293193
0.000389638
-0.000269925
0.000290073
-0.000253948
0.000267138
-0.000245646
0.000249482
-0.000242801
0.000237761
-0.000247523
0.000233638
-0.000255506
0.000225409
-0.000267286
0.000216755
-0.000279919
0.000199919
-0.000292526
0.000175669
-0.000303023
0.000140606
-0.000310433
9.4112e-05
3.47485e-05
-3.25022e-05
0.00119871
-7.4315e-05
0.00108711
-0.000111547
0.000947522
-0.000172577
0.00110669
-0.000237765
0.00136538
-0.000344178
0.00117266
-0.000394409
0.000663758
-0.00036224
0.000348104
-0.000314429
0.000241188
-0.000282012
0.000234596
-0.000264581
0.000232057
-0.000256778
0.000229977
-0.000259927
0.000236805
-0.00026798
0.000233481
-0.000280963
0.000229756
-0.000295095
0.000214067
-0.000309379
0.000189968
-0.000321154
0.000152392
-0.000329511
0.000102477
3.78629e-05
-1.2382e-05
0.00123952
-5.94011e-05
0.00113653
-0.000100375
0.000989507
-0.000159105
0.00116516
-0.000262182
0.00146221
-0.000393537
0.00123518
-0.000460695
0.000641001
-0.000410892
0.000279746
-0.000342729
0.00017111
-0.000297544
0.000189143
-0.000274484
0.000208986
-0.00026487
0.000220378
-0.000268858
0.000240811
-0.000278913
0.000243553
-0.000294397
0.000245256
-0.00031091
0.000230597
-0.000327456
0.000206527
-0.000340896
0.000165843
-0.000350402
0.000111991
4.13519e-05
1.97012e-05
0.00125172
-2.47677e-05
0.0011901
-6.70872e-05
0.00103425
-0.000101697
0.00118872
-0.000197435
0.0014948
-0.000375839
0.00122354
-0.000466167
0.000577452
-0.000413412
0.000200091
-0.000340522
9.60559e-05
-0.000292512
0.00014081
-0.000271208
0.000187663
-0.000265064
0.000214248
-0.000273493
0.000249256
-0.000288122
0.000258198
-0.000307594
0.000264744
-0.000327577
0.000250595
-0.000346972
0.000225935
-0.000362531
0.000181413
-0.00037336
0.000122827
4.53062e-05
4.64015e-05
0.00124151
1.6193e-05
0.00123821
-1.6802e-05
0.00107234
-2.66923e-05
0.00116825
-8.73203e-05
0.00144922
-0.00025462
0.00120835
-0.000376317
0.000543662
-0.000349332
0.000144545
-0.000297772
4.23394e-05
-0.000262698
0.000105363
-0.000252887
0.000177823
-0.000257468
0.000218841
-0.000273852
0.000265654
-0.000295876
0.000280237
-0.000320909
0.000289791
-0.000345466
0.000275165
-0.00036828
0.000248762
-0.000386387
0.00019953
-0.000398721
0.000135168
4.97943e-05
8.25114e-05
0.00120023
6.57592e-05
0.00127866
3.95379e-05
0.00110719
7.53251e-05
0.00109127
6.9694e-05
0.00131276
-7.31929e-05
0.00115715
-0.00021173
0.00053226
-0.000225479
0.000137737
-0.000216582
3.24737e-05
-0.000210533
9.9024e-05
-0.000221388
0.000188641
-0.00024304
0.000240501
-0.000271017
0.000293644
-0.000302894
0.000312126
-0.000334992
0.000321902
-0.000365152
0.000305337
-0.000391882
0.000275502
-0.00041286
0.000220517
-0.000426854
0.000149169
5.48801e-05
0.000119209
0.00112804
0.00011696
0.00130613
9.43442e-05
0.00114465
0.000137372
0.000996262
0.000171496
0.00116047
7.99858e-05
0.00111103
-2.1766e-05
0.000552506
-6.53944e-05
0.00018624
-0.000109223
7.83068e-05
-0.00014317
0.000132939
-0.000181586
0.000227031
-0.000224801
0.000283723
-0.000267159
0.000336012
-0.000310539
0.000355516
-0.000350856
0.00036223
-0.000387379
0.000341869
-0.00041837
0.000306503
-0.00044245
0.000244604
-0.00045823
0.000164955
6.06255e-05
0.000136356
0.00104883
0.000150312
0.00131744
0.000131129
0.0011815
0.000149422
0.000978382
0.000209558
0.00101831
0.000166139
0.00102406
0.000103781
0.000569968
8.06375e-05
0.000285863
2.65801e-06
0.000174251
-7.24259e-05
0.00020839
-0.000140897
0.000295508
-0.000207064
0.000349895
-0.000265379
0.000394335
-0.000320822
0.000410967
-0.000369837
0.000411254
-0.000413026
0.000385067
-0.000448485
0.000341969
-0.000475668
0.000271794
-0.000493288
0.00018258
6.70853e-05
0.000125882
0.000979621
0.000154179
0.00131286
0.000141053
0.00120972
0.000129105
0.000991387
0.000192013
0.000912427
0.000183655
0.000895061
0.000180791
0.00060705
0.000198388
0.000433624
9.96105e-05
0.000313445
-1.09834e-05
0.000322176
-0.000107716
0.000392283
-0.00019481
0.000436994
-0.000268858
0.000468387
-0.000335921
0.000478035
-0.000393367
0.000468705
-0.000443063
0.000434769
-0.000483002
0.000381915
-0.000513126
0.000301924
-0.000532516
0.000201974
7.42577e-05
8.61212e-05
0.000931039
0.000120712
0.00128369
0.000118551
0.00122098
0.000105184
0.00101232
0.000138739
0.000860249
0.000149822
0.000838012
0.000220396
0.000682593
0.000273466
0.000611605
0.000161478
0.000478181
2.95648e-05
0.000459447
-8.85098e-05
0.00051057
-0.000192817
0.000541307
-0.000280432
0.000556003
-0.00035791
0.000555515
-0.00042318
0.000533979
-0.000478495
0.000490088
-0.000522613
0.000426037
-0.000555433
0.000334748
-0.00057645
0.000222994
8.2083e-05
4.02286e-05
0.000907134
7.15686e-05
0.00124142
8.18322e-05
0.00120689
7.60987e-05
0.00102382
8.98614e-05
0.000845948
0.000100055
0.000848342
0.000227384
0.000767771
0.000301356
0.000778955
0.000187082
0.000643197
4.44034e-05
0.000608011
-8.74601e-05
0.000642748
-0.000204077
0.000657926
-0.000302182
0.000654107
-0.000388432
0.000641764
-0.000460523
0.00060607
-0.000520568
0.000550133
-0.000568097
0.000473568
-0.00060307
0.000369723
-0.000625509
0.000245435
9.0483e-05
1.62138e-05
0.000898062
3.32223e-05
0.00120797
4.76003e-05
0.00118165
4.3847e-05
0.00102125
4.48396e-05
0.000842495
5.05371e-05
0.000874751
0.000230247
0.00092359
0.000304143
0.000959631
0.000182944
0.000808758
3.44104e-05
0.000762249
-0.000105672
0.000783127
-0.00023006
0.000782311
-0.000336625
0.000760665
-0.000429317
0.000734452
-0.000506515
0.000683264
-0.000570524
0.000614141
-0.000620409
0.000523452
-0.000656842
0.000406157
-0.000679757
0.000268352
9.92983e-05
9.51054e-06
0.00088534
7.27377e-06
0.00118894
1.40564e-05
0.0011595
1.46406e-05
0.00101051
9.57608e-06
0.000840923
3.61947e-05
0.000895825
0.000232318
0.00107727
0.000273694
0.00110901
0.000150893
0.000962813
1.12122e-06
0.000916837
-0.00014368
0.000928024
-0.000272283
0.000910901
-0.000384861
0.000873231
-0.00048156
0.000831142
-0.000562803
0.000764501
-0.000629111
0.000680445
-0.00068013
0.000574467
-0.000717685
0.000443711
-0.000739795
0.000290462
0.000107969
4.52802e-06
0.000859621
-1.28094e-05
0.00118246
-1.50841e-05
0.00114574
-1.65044e-05
0.00100026
-1.7716e-05
0.000835154
2.92372e-05
0.000899637
0.000228818
0.00125521
0.000229181
0.00125341
0.000101049
0.00111332
-5.14798e-05
0.00107269
-0.000199972
0.00107652
-0.00033135
0.00104224
-0.000447627
0.000989486
-0.000546866
0.000930367
-0.000629619
0.000847243
-0.00069728
0.000748098
-0.000747936
0.000625118
-0.000784916
0.000480688
-0.000806996
0.00031254
0.000115756
-5.70929e-07
0.000850588
-2.79944e-05
0.00118719
-4.14678e-05
0.00114101
-4.88862e-05
0.000999717
-4.57969e-05
0.000849835
2.85483e-05
0.000916321
0.000217379
0.00146711
0.000174321
0.0013998
3.61262e-05
0.00126785
-0.000122668
0.00123287
-0.000274705
0.00122844
-0.000408916
0.00117635
-0.000526341
0.00110687
-0.000626139
0.00103014
-0.000708247
0.000929336
-0.000775021
0.00081486
-0.000824196
0.000674284
-0.00085887
0.000515356
-0.000880847
0.000334514
0.000123464
-8.04691e-06
0.000855078
-3.6595e-05
0.00120126
-6.02909e-05
0.00113324
-7.32807e-05
0.00100312
-7.07506e-05
0.000903052
3.25293e-05
0.000990828
0.000187855
0.00169795
0.000103158
0.00155205
-4.59484e-05
0.0014275
-0.000212768
0.00139949
-0.00036956
0.0013848
-0.000506719
0.00131326
-0.000621806
0.00122185
-0.000721072
0.00112937
-0.000800517
0.00100876
-0.000862092
0.000876419
-0.00090929
0.000721471
-0.000941035
0.000547094
-0.00095989
0.000353365
0.000131811
-1.7711e-05
0.000868348
-4.92196e-05
0.00122074
-6.9761e-05
0.00113452
-8.04137e-05
0.00100474
-9.25731e-05
0.000976468
3.62202e-05
0.00116475
0.000130409
0.00191738
1.26044e-05
0.00170997
-0.000151013
0.00159443
-0.000328131
0.00157565
-0.000487569
0.00154304
-0.00062273
0.00144776
-0.000737942
0.00133678
-0.00083262
0.00122394
-0.000906685
0.00108278
-0.000961445
0.000931156
-0.00100237
0.00076238
-0.00103065
0.000575363
-0.00104504
0.00036775
0.000139414
-3.01653e-05
0.000888023
-6.35999e-05
0.00123311
-8.65824e-05
0.00113352
-9.66189e-05
0.00100355
-0.000109517
0.0010758
2.64518e-05
0.00146192
4.89603e-05
0.00209458
-9.75991e-05
0.00187578
-0.000279537
0.0017748
-0.000465628
0.00175898
-0.000629435
0.001704
-0.000761758
0.00157839
-0.000874313
0.0014485
-0.000960873
0.00131017
-0.00102827
0.00115007
-0.0010733
0.000976145
-0.00110391
0.000792965
-0.00112612
0.000597564
-0.00113668
0.000378305
0.000144625
-4.34453e-05
0.000917966
-8.05714e-05
0.00123107
-0.00010772
0.00112684
-0.000130217
0.0010002
-0.00014281
0.0011986
-1.92138e-05
0.00183605
-7.67796e-05
0.00224825
-0.000242476
0.00204591
-0.000444591
0.00197051
-0.000638561
0.00194562
-0.000795366
0.00185445
-0.000923826
0.00170261
-0.00103249
0.00155484
-0.00110955
0.00138625
-0.00116369
0.00120388
-0.00119669
0.00100906
-0.0012154
0.000811639
-0.00122813
0.000610278
-0.00123273
0.000382894
0.000147644
-5.42749e-05
0.000964399
-9.86671e-05
0.00124596
-0.00013439
0.00115018
-0.00016718
0.00103922
-0.000181058
0.00135977
-9.76548e-05
0.00220587
-0.000216085
0.00241066
-0.000410953
0.00223119
-0.000636428
0.00218396
-0.000840077
0.00213319
-0.00099078
0.00199128
-0.00111647
0.00181819
-0.00121181
0.00164406
-0.00127634
0.00144789
-0.00131215
0.00123867
-0.00133236
0.001029
-0.0013339
0.00081311
-0.00133622
0.000612576
-0.00133276
0.000379415
0.000147904
-6.00719e-05
0.00101996
-0.000109074
0.00128175
-0.000154726
0.00119143
-0.000214954
0.00114758
-0.000230991
0.00157797
-0.000222028
0.0025302
-0.000381527
0.00257622
-0.000608283
0.0024362
-0.000852072
0.00239993
-0.0010582
0.00230711
-0.00121124
0.00211529
-0.0013375
0.00192187
-0.00141235
0.00170412
-0.00145901
0.00148687
-0.00147671
0.00125341
-0.00147631
0.00102779
-0.00145849
0.000795103
-0.00144729
0.000601336
-0.00143623
0.000368344
0.000144869
-5.88425e-05
0.00107452
-0.000112892
0.00131916
-0.000163845
0.00123363
-0.000243822
0.00130848
-0.000280613
0.00185122
-0.000354337
0.00280819
-0.000548012
0.00274488
-0.000801834
0.00265015
-0.00106157
0.00260049
-0.00127489
0.00245768
-0.00143983
0.00222159
-0.00157069
0.00200573
-0.00163596
0.00173679
-0.00166043
0.00149298
-0.00165427
0.00123947
-0.00162395
0.000995211
-0.00158975
0.000760437
-0.00156011
0.000571601
-0.00154035
0.000348559
0.000138693
-6.19546e-05
0.00113262
-0.000116056
0.00136168
-0.000164467
0.0012762
-0.000260052
0.00147933
-0.000322057
0.00218358
-0.000468714
0.00305022
-0.000699179
0.00293157
-0.000978299
0.00284912
-0.00124799
0.00276446
-0.00147132
0.00257236
-0.00164947
0.00229628
-0.00179086
0.00205796
-0.0018649
0.00174358
-0.00187474
0.00146155
-0.00183875
0.00118458
-0.00177794
0.000928707
-0.00172585
0.00070721
-0.00167421
0.00051977
-0.00164208
0.000316393
0.000129017
-7.02281e-05
0.00119792
-0.000128905
0.00140632
-0.000176235
0.00131522
-0.000279392
0.00168551
-0.000363299
0.00256318
-0.000561321
0.00325398
-0.000819595
0.00309926
-0.00111219
0.00300267
-0.00138197
0.00288638
-0.00161694
0.0026462
-0.00181387
0.00232651
-0.00197248
0.00206701
-0.00206447
0.0017186
-0.00207881
0.00139933
-0.00202672
0.00109369
-0.0019389
0.000829913
-0.0018599
0.000626146
-0.00178761
0.000446984
-0.00173986
0.000268556
0.000114736
-7.22131e-05
0.00126301
-0.000134457
0.00145162
-0.000193991
0.0013624
-0.000308073
0.00191543
-0.000428405
0.0029412
-0.000639806
0.00343975
-0.000914388
0.00321183
-0.00119905
0.00310509
-0.00146662
0.00296439
-0.00170454
0.00267657
-0.00191586
0.00231074
-0.00208582
0.0020246
-0.00220677
0.00166276
-0.00224653
0.00133936
-0.00220562
0.00099126
-0.0020987
0.000706984
-0.00198772
0.000510562
-0.00189466
0.000352687
-0.00183212
0.000205821
9.47587e-05
-6.78541e-05
0.00132444
-0.000134836
0.00150664
-0.000210201
0.00145214
-0.000333393
0.00214035
-0.000487301
0.0032434
-0.000700704
0.00357952
-0.000952793
0.00326594
-0.00121836
0.00315111
-0.00147529
0.00297133
-0.00172072
0.00265014
-0.00195254
0.00226698
-0.00212986
0.00201834
-0.00227761
0.00164182
-0.00236893
0.00124673
-0.00236548
0.000857162
-0.00224262
0.000555609
-0.00210729
0.000364889
-0.00199161
0.000234274
-0.00191473
0.000128493
6.93772e-05
-6.19963e-05
0.00138331
-0.000128614
0.00156886
-0.000225584
0.00159084
-0.000344791
0.00236207
-0.000508197
0.00343532
-0.000721543
0.0036143
-0.00095466
0.00327572
-0.00117126
0.00314712
-0.00139259
0.00292508
-0.00165897
0.00261272
-0.00185845
0.0022887
-0.00208352
0.00192809
-0.00227804
0.00149936
-0.00240872
0.00109592
-0.00247417
0.000704461
-0.0023586
0.000398983
-0.00221506
0.000195384
-0.00207598
8.96596e-05
-0.00198246
3.40241e-05
4.04948e-05
-5.54459e-05
0.00143863
-0.000118467
0.00163132
-0.000238346
0.00174646
-0.000356262
0.00258583
-0.00051015
0.00357334
-0.000706143
0.00358363
-0.000906666
0.0032637
-0.00109434
0.00310602
-0.00127591
0.00298359
-0.00145208
0.00267376
-0.00170821
0.00213868
-0.00193464
0.00172208
-0.00215667
0.00132733
-0.00234981
0.000949819
-0.00249262
0.000569125
-0.00244101
0.000220063
-0.0023053
9.04553e-06
-0.0021454
-8.05714e-05
-0.0020301
-8.30941e-05
6.77824e-06
-4.91888e-05
0.00148842
-0.00010913
0.00169054
-0.000232746
0.00190044
-0.000353013
0.00277851
-0.000503003
0.00367406
-0.000678379
0.00353794
-0.000837049
0.00321844
-0.000951449
0.00311566
-0.00109116
0.00296303
-0.00128074
0.00251716
-0.00147325
0.00195938
-0.00169163
0.00154573
-0.00193483
0.00117465
-0.00218346
0.000818357
-0.00241264
0.000434596
-0.00246209
6.0386e-05
-0.00236246
-0.000181567
-0.00219379
-0.000266931
-0.00205525
-0.00022491
-3.31633e-05
-4.12121e-05
0.00153167
-9.86519e-05
0.00174257
-0.000210611
0.00203848
-0.000339472
0.00290887
-0.000499462
0.00367981
-0.000645828
0.00349003
-0.000730474
0.00319415
-0.00080629
0.00306423
-0.000919932
0.00277874
-0.00104959
0.00233787
-0.00121552
0.0018101
-0.00141176
0.00141274
-0.00165535
0.00105099
-0.0019358
0.000693467
-0.00222061
0.000310836
-0.00242041
-7.18756e-05
-0.00237102
-0.00036705
-0.0022114
-0.000455338
-0.0020592
-0.000382688
-8.24159e-05
-3.60172e-05
0.00156825
-8.65768e-05
0.00179518
-0.000194533
0.00213523
-0.000333043
0.00301165
-0.000514981
0.00367267
-0.000606055
0.00350275
-0.000671582
0.00312656
-0.000734862
0.00288516
-0.000760711
0.00260869
-0.000831958
0.00223363
-0.000950454
0.00174729
-0.00111737
0.00133495
-0.00135888
0.000951326
-0.00165406
0.000592279
-0.00194413
0.00024374
-0.00229853
-0.000210682
-0.00232658
-0.000536001
-0.00219128
-0.000634544
-0.00203737
-0.000545545
-0.00014181
-2.36036e-05
0.00159701
-6.94564e-05
0.00184586
-0.000157502
0.00219491
-0.000326305
0.00309487
-0.000465689
0.00374997
-0.000608376
0.0034697
-0.000699234
0.00297677
-0.000697711
0.00273331
-0.00065515
0.00251444
-0.000656048
0.00219678
-0.000729943
0.00171811
-0.000859043
0.00126575
-0.00106441
0.00087741
-0.00134975
0.000514287
-0.00166951
0.00017562
-0.00207259
-0.000263386
-0.00221757
-0.000653159
-0.00212658
-0.000788574
-0.00198337
-0.000702278
-0.000208111
9.96659e-07
0.00160189
-3.47888e-05
0.00188897
-0.000108836
0.00222207
-0.000223784
0.00308298
-0.000423722
0.00368879
-0.000618864
0.00338823
-0.00071371
0.00288543
-0.000686912
0.00263358
-0.000596173
0.00243064
-0.000541159
0.0021348
-0.000568691
0.00167871
-0.00065282
0.00121788
-0.000811341
0.000832664
-0.00105844
0.000467414
-0.0013814
0.000125781
-0.00181195
-0.000269778
-0.00205329
-0.000725278
-0.00201573
-0.000910697
-0.00189377
-0.000843302
-0.000277204
2.12765e-05
0.00158744
-3.40789e-06
0.00192133
-6.24604e-05
0.00223338
-0.000162161
0.00299847
-0.000343253
0.00358484
-0.000546362
0.00338699
-0.000685597
0.00289183
-0.000687267
0.00255717
-0.000587853
0.00233205
-0.00048253
0.00206109
-0.000455703
0.00164819
-0.000497844
0.00119868
-0.00061321
0.000816335
-0.000814807
0.000450289
-0.00110455
9.88114e-05
-0.00153293
-0.000256018
-0.0018439
-0.000759066
-0.0018618
-0.000999521
-0.00176771
-0.000962502
-0.000345029
5.09355e-05
0.00154581
5.95363e-05
0.00192048
4.61927e-05
0.00214163
-7.34598e-05
0.0028252
-0.000230915
0.00342746
-0.000421862
0.00335045
-0.00060363
0.00290132
-0.000660371
0.00247969
-0.000580142
0.00222573
-0.000447009
0.00199603
-0.000378246
0.00163967
-0.00038129
0.00121099
-0.000460132
0.000823822
-0.000619438
0.000458164
-0.000858101
8.93743e-05
-0.00124671
-0.000238468
-0.00160139
-0.000753944
-0.00166941
-0.00105674
-0.00160617
-0.00105652
-0.000407838
0.000104062
0.00145201
0.000157748
0.00188174
0.000188292
0.00199463
0.000131327
0.0026271
-2.45343e-05
0.00318927
-0.000210822
0.00321623
-0.000423516
0.00288635
-0.000557508
0.00241687
-0.000535527
0.00211211
-0.000409484
0.00193387
-0.000311156
0.0016491
-0.000288813
0.00125529
-0.000338309
0.000856742
-0.000461768
0.000483667
-0.000651187
9.52863e-05
-0.00097907
-0.000221273
-0.0013377
-0.000723008
-0.00144302
-0.00108517
-0.00140972
-0.00112379
-0.000461646
0.000187223
0.0012763
0.000293566
0.00178568
0.000355496
0.00193609
0.000426245
0.00232712
0.000292872
0.00282208
9.09905e-05
0.00297543
-0.000122845
0.00280042
-0.000325443
0.00237414
-0.000404971
0.00201241
-0.000328327
0.00185976
-0.000240419
0.00166628
-0.000205956
0.00132797
-0.000239952
0.000913969
-0.000334546
0.00051988
-0.000482541
0.00011381
-0.000745142
-0.000204117
-0.00106792
-0.000682119
-0.00119056
-0.00109121
-0.0011816
-0.00116598
-0.000503455
0.000249463
0.00103809
0.000447865
0.0016025
0.000509187
0.00188282
0.000625071
0.00201884
0.000626819
0.00241929
0.000463883
0.00268857
0.000252917
0.00264742
1.73703e-05
0.00232695
-0.0001525
0.00194225
-0.000180764
0.00179628
-0.000144278
0.00168857
-0.000121205
0.00141616
-0.000154211
0.000998781
-0.000230707
0.00056551
-0.00034311
0.000138974
-0.000542162
-0.000188216
-0.000801036
-0.000638622
-0.000917606
-0.00108199
-0.000925444
-0.0011862
-0.000530998
0.000233502
0.000814858
0.000506103
0.00135695
0.000641895
0.00176253
0.000756232
0.00190179
0.000828703
0.00207465
0.000765603
0.00235771
0.000589516
0.0024538
0.000351978
0.00226417
0.000128095
0.00191239
2.46063e-05
0.00174835
2.23669e-06
0.00170531
-1.65277e-05
0.00150246
-6.94366e-05
0.00111518
-0.00014141
0.000623532
-0.000225869
0.000167217
-0.000366797
-0.000176021
-0.000542587
-0.000597684
-0.000626982
-0.00106216
-0.000642975
-0.00118626
-0.000541846
0.000186911
0.00064195
0.000467739
0.00109482
0.000688897
0.00157027
0.000764847
0.00183891
0.00085591
0.00191679
0.000911005
0.00209141
0.000806895
0.0022542
0.000603215
0.00218327
0.000371366
0.00190136
0.000234797
0.00172563
0.000161107
0.00172315
9.81192e-05
0.00157754
1.47447e-05
0.00123445
-6.14911e-05
0.000692052
-0.000126278
0.000196538
-0.000217812
-0.00016598
-0.000303498
-0.000566085
-0.000330209
-0.00104246
-0.000340956
-0.00117394
-0.000536128
0.000139976
0.000516148
0.000379553
0.000881924
0.000636716
0.00134659
0.000776673
0.00172195
0.000830894
0.00187417
0.000882061
0.00193083
0.000876785
0.00205686
0.000738369
0.00208823
0.000542182
0.00188789
0.000395832
0.00173395
0.00029682
0.00176451
0.000203632
0.00164328
0.00010204
0.00132907
1.29963e-05
0.000760765
-3.86206e-05
0.00022425
-9.10776e-05
-0.000156012
-8.78841e-05
-0.000542513
-2.96799e-05
-0.00103301
-2.51549e-05
-0.00115322
-0.000514306
0.000106962
0.000420035
0.000288168
0.000725687
0.000530045
0.00113809
0.000728451
0.00156095
0.000801209
0.00182083
0.000833977
0.00189588
0.000845654
0.0019358
0.000775052
0.00198689
0.00061784
0.00188034
0.000492296
0.00176017
0.000407197
0.00180912
0.000304043
0.00168984
0.000191728
0.00139719
9.00517e-05
0.000819527
4.71674e-05
0.000241603
2.42836e-05
-0.00014447
0.000111836
-0.000532885
0.000242842
-0.00100874
0.00028346
-0.00110972
-0.000481381
8.25859e-05
0.000343126
0.000218203
0.000603562
0.000419108
0.000968391
0.000619576
0.001394
0.000749183
0.00173476
0.000777717
0.00187889
0.000794762
0.00191219
0.000765485
0.00191899
0.00064881
0.00187999
0.00055758
0.0017763
0.000494116
0.0018235
0.000391963
0.00169746
0.000270086
0.00141429
0.000166765
0.000849017
0.000130996
0.000245284
0.000131816
-0.00014829
0.000303237
-0.000519643
0.000526222
-0.000951314
0.000604821
-0.00103534
-0.000431695
6.0285e-05
0.000283822
0.000164126
0.000508688
0.000320639
0.00083416
0.000504182
0.00124645
0.000646419
0.00163162
0.000713437
0.00185201
0.000730783
0.00190576
0.000730422
0.00191262
0.000662031
0.00186948
0.000576964
0.00177592
0.000535292
0.0018092
0.000442156
0.0016753
0.000331629
0.00139394
0.000237966
0.000841244
0.000210947
0.00023511
0.000226125
-0.000156202
0.000499178
-0.000499394
0.000819567
-0.000860206
0.000927716
-0.000926752
-0.000364708
3.98722e-05
0.000242983
0.000117652
0.000436867
0.000241852
0.000726215
0.000399567
0.00111275
0.000544315
0.00151517
0.000628645
0.00180376
0.000656563
0.00190447
0.000660974
0.0019197
0.000640846
0.00189308
0.000583422
0.00180465
0.000560005
0.00176661
0.000471015
0.00162096
0.000375815
0.00132959
0.000302311
0.000798313
0.000285571
0.00021377
0.000322729
-0.000163422
0.000717724
-0.000467944
0.0011243
-0.000736386
0.00124449
-0.000786905
-0.000283287
3.34324e-05
0.000229893
8.5376e-05
0.000387662
0.000178668
0.000643161
0.000314487
0.000998365
0.000454159
0.00140164
0.000553267
0.00173546
0.000593464
0.0018985
0.000608407
0.00191995
0.000599577
0.00190902
0.000553118
0.0018114
0.00053172
0.00169977
0.00047315
0.00154253
0.000411937
0.00124705
0.000364567
0.000735788
0.000355313
0.000188872
0.000441763
-0.000166403
0.000969508
-0.000394157
0.00143593
-0.000579934
0.00155002
-0.000624867
-0.000192003
2.16076e-05
0.000216912
5.99838e-05
0.00034999
0.000133293
0.000573442
0.000248122
0.000895542
0.000382173
0.00129123
0.00049133
0.00165231
0.000547725
0.00187246
0.000568625
0.00192793
0.000573764
0.00191536
0.000551288
0.00183335
0.000528296
0.00165757
0.000487719
0.00145924
0.000448381
0.00115494
0.000423922
0.000668257
0.000414816
0.000170375
0.000610828
-0.000135278
0.00124785
-0.000302685
0.00174457
-0.000411375
0.00183596
-0.000453376
-9.44723e-05
1.08408e-05
0.00020156
4.0017e-05
0.000320462
9.74342e-05
0.000516975
0.000198095
0.000803234
0.000327743
0.00118021
0.000444379
0.00155876
0.00051482
0.00182824
0.00054243
0.00192639
0.000557507
0.00192225
0.000545097
0.00185131
0.000520193
0.00163521
0.000501729
0.00138415
0.000484045
0.00107536
0.000474542
0.000610389
0.000465484
0.000162574
0.000819721
-5.6167e-05
0.00156916
-0.00011083
0.00203712
-0.00022535
0.00208826
-0.000276779
2.05278e-06
4.40857e-06
0.00018325
2.97546e-05
0.000293477
7.46829e-05
0.000468831
0.000158041
0.00072352
0.00027826
0.00106975
0.000398728
0.0014572
0.000480936
0.00176932
0.000520726
0.00191281
0.000544274
0.00192346
0.000547455
0.00185978
0.000526038
0.00165782
0.000505534
0.00133982
0.000497006
0.00100806
0.00049906
0.000567689
0.000525846
0.000176624
0.00111102
0.000112301
0.00191022
0.000156218
0.00229262
-4.08809e-05
0.00230327
-0.000106534
8.69152e-05
1.07431e-06
0.000156369
2.77154e-05
0.000264898
6.7077e-05
0.000427936
0.000130353
0.000658684
0.000232338
0.000974296
0.000349776
0.00135557
0.000440758
0.00169877
0.000491302
0.0018878
0.000521794
0.00191768
0.000536006
0.00186765
0.000514855
0.00168898
0.000496975
0.0013607
0.000502761
0.00100963
0.000509973
0.000565903
0.000652413
0.000249375
0.00144892
0.000357726
0.0022078
0.000386826
0.00249447
0.000120857
0.00248653
4.0797e-05
0.000159821
4.64172e-06
0.000123341
3.32852e-05
0.000234981
6.8068e-05
0.000393512
0.000115323
0.000611239
0.000190302
0.000903511
0.000290692
0.00126707
0.000383004
0.00162565
0.00044393
0.00185354
0.000483457
0.0019063
0.000505255
0.00187356
0.000496975
0.00172296
0.000482411
0.00138841
0.000486333
0.00102547
0.000493779
0.00059382
0.000842417
0.000453315
0.00180585
0.000723
0.00244985
0.000606582
0.00264677
0.00025751
0.00263434
0.000159977
0.000220146
1.65441e-05
0.000107095
3.89832e-05
0.000215046
6.49302e-05
0.000371488
9.5708e-05
0.000582694
0.00014217
0.000860302
0.000212648
0.00120386
0.000292869
0.0015613
0.000357377
0.00181474
0.000403417
0.00189366
0.00043652
0.00187976
0.000446486
0.00176317
0.000447231
0.00143674
0.00043134
0.00105641
0.000475365
0.000658712
0.00119721
0.000946063
0.00212929
0.00106528
0.00260475
0.000738966
0.00275076
0.000355297
0.00274927
0.000249214
0.000266879
1.13364e-05
9.73318e-05
2.26294e-05
0.000206566
3.49525e-05
0.000362945
5.01246e-05
0.000570879
7.35398e-05
0.000839052
0.000115753
0.00116456
0.000174554
0.00150883
0.000237441
0.00176555
0.000289186
0.00186434
0.000333344
0.00186386
0.000369414
0.00174792
0.000363577
0.00145169
0.000344635
0.00106524
0.000635963
0.000989754
0.00154892
0.00141423
0.0023112
0.00119791
0.00268249
0.000777003
0.00282153
0.000409377
0.00283862
0.000308952
0.000300838
-3.40545e-06
0.000101983
-1.16095e-05
0.000216666
-2.22501e-05
0.000375273
-2.93014e-05
0.000578254
-2.74247e-05
0.000834714
-7.33475e-06
0.00114378
3.52025e-05
0.00146785
9.60526e-05
0.00170759
0.000152147
0.00181337
0.000195106
0.00182656
0.000239006
0.00170804
0.000210363
0.00147478
0.000270044
0.00112713
0.000886184
0.00151681
0.00176315
0.00161097
0.00239177
0.00116602
0.00273022
0.00076275
0.00287793
0.000432317
0.00291044
0.000346411
0.000324841
-2.51764e-05
0.000127395
-6.07063e-05
0.000252451
-9.87854e-05
0.000412962
-0.000132647
0.00061026
-0.000155708
0.000855118
-0.000159289
0.00114399
-0.000132938
0.00143826
-7.59703e-05
0.00164788
-1.71146e-05
0.00175193
2.83184e-05
0.00177608
5.58977e-05
0.00166507
5.0375e-05
0.00143803
0.000357725
0.00149091
0.00106799
0.00176267
0.0018542
0.00148545
0.00244219
0.0010507
0.00277741
0.000721964
0.00292855
0.000437474
0.00296821
0.000370419
0.000341092
-4.48257e-05
0.00017133
-0.000102674
0.000309583
-0.000163026
0.000472269
-0.000218826
0.000664287
-0.000263853
0.000895939
-0.000285918
0.00116168
-0.000271992
0.00141811
-0.00022685
0.00159743
-0.000173519
0.0016937
-0.00012395
0.00171557
-6.56806e-05
0.0015878
1.03883e-05
0.00135557
0.000454928
0.00164856
0.00115982
0.00156108
0.0019221
0.00124302
0.00250617
0.000928802
0.00283091
0.000683022
0.00297371
0.000439658
0.00301299
0.000389157
0.000351471
-5.41397e-05
0.000223063
-0.000122626
0.000375405
-0.000193902
0.000540976
-0.000258671
0.000725801
-0.000306539
0.000940386
-0.000330087
0.00117673
-0.000321936
0.00139471
-0.00028977
0.00153793
-0.000241795
0.00161026
-0.000190065
0.00160979
-0.000138843
0.00148468
7.6484e-05
0.00143533
0.000563734
0.00147626
0.00126055
0.00125038
0.00202322
0.00104199
0.00259791
0.000843786
0.0028953
0.000661916
0.00301839
0.000447811
0.00304887
0.000410093
0.000358763
-5.27523e-05
0.000272546
-0.000120143
0.00043893
-0.000191755
0.000607481
-0.000255692
0.00078233
-0.000302166
0.000974537
-0.000323614
0.00117536
-0.000316735
0.00135938
-0.000282794
0.00147852
-0.000236877
0.001529
-0.000171932
0.00151392
-8.7441e-05
0.00137724
0.000192786
0.00134309
0.00068269
0.00114195
0.00139499
0.000997727
0.00219082
0.000943896
0.00272119
0.000815258
0.00296741
0.000663548
0.00306236
0.000464929
0.00307974
0.000436695
0.000365643
-4.38846e-05
0.000318082
-0.000101326
0.000493934
-0.000166316
0.00066911
-0.000226599
0.000837509
-0.000270952
0.00101092
-0.000289861
0.00118466
-0.000276183
0.00133342
-0.000243906
0.00142533
-0.00019745
0.00145637
-0.000118375
0.00141953
3.45176e-05
0.00128183
0.000342164
0.00110874
0.000827948
0.000893632
0.00161248
0.000917742
0.00239626
0.000947353
0.00284692
0.000820959
0.00303674
0.000681694
0.003103
0.000492758
0.00310696
0.000470799
0.000373906
-2.09888e-05
0.000373872
-6.64688e-05
0.000538575
-0.000120467
0.00071799
-0.000171872
0.000882364
-0.000208513
0.00103942
-0.000222032
0.00118882
-0.000204934
0.00130387
-0.000163561
0.00136754
-9.82449e-05
0.0013726
1.13733e-05
0.00129874
0.000194042
0.00113295
0.000487176
0.000870975
0.00101625
0.000777874
0.00185788
0.000936909
0.00257916
0.000991319
0.0029556
0.000870058
0.00309459
0.000721372
0.00313499
0.000533438
0.00312876
0.000511089
0.000384083
-9.52264e-06
0.000414529
-3.8056e-05
0.000563416
-7.22939e-05
0.000746473
-0.000105587
0.000909091
-0.000127599
0.00105218
-0.00013128
0.00117437
-0.000105059
0.00125783
-5.41446e-05
0.00129641
2.82574e-05
0.00128055
0.00014106
0.00118047
0.000312567
0.000991118
0.000605557
0.0007457
0.00126025
0.000847541
0.00217132
0.00111902
0.00278604
0.00110662
0.00303723
0.00092304
0.00312627
0.000762157
0.00314761
0.000577893
0.00313713
0.000552254
0.000393581
-5.66418e-06
0.000436167
-1.97338e-05
0.000575112
-3.72698e-05
0.000759752
-5.45763e-05
0.000921604
-6.4128e-05
0.00105668
-5.39181e-05
0.00116001
-2.2631e-05
0.00121777
3.22011e-05
0.00123398
0.000113326
0.0011937
0.0002061
0.00108447
0.000350602
0.000893929
0.000712789
0.000820648
0.00159814
0.00120105
0.00248126
0.00142502
0.00292389
0.00124613
0.00307954
0.00099626
0.00313575
0.000809703
0.00314571
0.000625803
0.00313369
0.000592757
0.000401923
-5.29529e-06
0.000446671
-1.17215e-05
0.00058094
-1.96637e-05
0.000764663
-2.59602e-05
0.0009237
-2.36628e-05
0.00104965
-8.37166e-06
0.00113656
2.43768e-05
0.00117824
7.55956e-05
0.00117655
0.000144545
0.00111917
0.000222251
0.00100395
0.000386152
0.000865022
0.0010749
0.00116154
0.00202143
0.00157969
0.00268235
0.00157544
0.00296633
0.00130011
0.00307058
0.00103838
0.00311471
0.000846153
0.00312249
0.000668122
0.00311412
0.000627223
0.000406612
-6.97238e-06
0.000453805
-1.20383e-05
0.000585108
-1.6832e-05
0.000766469
-1.86638e-05
0.000920371
-1.24609e-05
0.00103474
4.85496e-06
0.00111076
3.21542e-05
0.00114283
7.24297e-05
0.00112791
0.00011604
0.00106713
0.000209789
0.000969336
0.000607471
0.00108187
0.0014771
0.00155912
0.0022994
0.00182092
0.00275477
0.00162527
0.00295007
0.00131414
0.00303496
0.0010615
0.0030785
0.000872039
0.00308664
0.000705695
0.00307942
0.000658873
0.000407741
-1.14134e-05
0.000462423
-1.84313e-05
0.000589853
-2.28645e-05
0.000766454
-2.35443e-05
0.000914231
-1.97086e-05
0.0010214
-7.93071e-06
0.00109043
1.26759e-05
0.00111343
4.48512e-05
0.00108621
8.20959e-05
0.00102325
0.000283492
0.0010409
0.000937947
0.00144156
0.00182128
0.00187637
0.00243999
0.00191263
0.00276039
0.00160644
0.00290865
0.00130766
0.00298492
0.0010751
0.00302878
0.000891915
0.00303553
0.000740956
0.00302987
0.000686278
0.000404222
-1.79922e-05
0.000477803
-3.01685e-05
0.000599483
-3.90418e-05
0.000770697
-4.32823e-05
0.000911239
-4.04778e-05
0.00101172
-3.19745e-05
0.00107186
-1.4715e-05
0.00108457
8.33841e-06
0.0010501
9.13349e-05
0.00101443
0.000499687
0.00126526
0.00129052
0.0017872
0.00203736
0.00203101
0.00248322
0.00189769
0.00271787
0.00156038
0.00284078
0.00129395
0.00292511
0.0010703
0.002966
0.000910043
0.0029693
0.000775627
0.00296618
0.000707749
0.000396484
-2.19927e-05
0.000503293
-3.93839e-05
0.000614938
-5.39197e-05
0.000781658
-6.25431e-05
0.000914197
-6.24633e-05
0.0010049
-5.41579e-05
0.00105365
-3.34939e-05
0.00105279
-6.60077e-06
0.00101677
0.000204259
0.00112077
0.000800141
0.00154948
0.00157863
0.00202252
0.00214601
0.00205801
0.00247127
0.00183233
0.00266007
0.00150276
0.00277624
0.00126967
0.00285397
0.00106787
0.00288375
0.000936818
0.00288774
0.000804623
0.00288805
0.000721291
0.000385966
-1.98089e-05
0.000537347
-4.10482e-05
0.000631858
-5.94677e-05
0.000793448
-6.97002e-05
0.000916337
-7.05496e-05
0.000995505
-6.06436e-05
0.00103069
-3.54723e-05
0.00101348
3.8158e-05
0.00101499
0.00040027
0.00129742
0.00110453
0.00181336
0.0017709
0.00213193
0.0021899
0.00201195
0.00243798
0.00175057
0.0026015
0.00144256
0.00271679
0.00124361
0.00277934
0.00108215
0.00279037
0.000977372
0.00278989
0.000830107
0.00279377
0.000726131
0.000372481
-1.74834e-05
0.000571021
-3.97739e-05
0.000653196
-5.65659e-05
0.000807126
-6.60485e-05
0.000920693
-6.60568e-05
0.000986708
-5.14183e-05
0.00100691
-3.01511e-05
0.000991373
0.000149399
0.0010973
0.000664527
0.00153521
0.00136038
0.00202505
0.00187811
0.00215453
0.00218031
0.00194038
0.00237862
0.00167037
0.00253097
0.00138981
0.00263426
0.00123449
0.00267401
0.00111389
0.00267961
0.00101139
0.00267788
0.000847672
0.00268392
0.000724651
0.000356709
-1.10003e-05
0.00060421
-3.22177e-05
0.000684874
-4.69338e-05
0.000817483
-5.33403e-05
0.0009205
-5.15417e-05
0.000974441
-3.25724e-05
0.000979974
1.90226e-05
0.000998257
0.00031452
0.00123986
0.000938603
0.00180283
0.00153849
0.00216624
0.00191671
0.0021225
0.00214717
0.00185683
0.00233301
0.00159256
0.00247178
0.0013595
0.00253942
0.00125768
0.00255395
0.00115595
0.00254906
0.00104219
0.00254568
0.000859735
0.00256025
0.000712614
0.000339803
-1.01017e-05
0.000636496
-2.86838e-05
0.00072383
-3.95223e-05
0.000826253
-4.17449e-05
0.000915016
-3.12863e-05
0.000957616
-1.52399e-05
0.000965544
0.00010372
0.00106814
0.000541274
0.00149226
0.00117485
0.0020676
0.00163159
0.00223328
0.00190246
0.00205894
0.00209705
0.00178136
0.00227426
0.00153415
0.00237925
0.00136092
0.00241618
0.00129342
0.00241678
0.00119133
0.00240616
0.0010679
0.00240246
0.000869087
0.0024182
0.000698424
0.000321151
-1.1333e-05
0.000671047
-3.07778e-05
0.000759336
-4.02164e-05
0.000833401
-3.96243e-05
0.00090997
-2.80098e-05
0.000941017
1.04745e-05
0.000988203
0.00023645
0.00123968
0.000785367
0.00182703
0.00133343
0.0022557
0.00164993
0.00223455
0.00185909
0.00199247
0.00204534
0.00172095
0.0021965
0.00149973
0.00225573
0.00138595
0.0022686
0.00132707
0.00226384
0.00122197
0.00225794
0.00108541
0.00225053
0.000880191
0.00226269
0.000687264
0.000301086
-1.0538e-05
0.000715878
-3.14598e-05
0.00079602
-4.39551e-05
0.000849057
-4.80621e-05
0.00091312
-3.14583e-05
0.000962039
5.59003e-05
0.00109235
0.000432705
0.00154455
0.000995646
0.00215368
0.00139227
0.00234479
0.00161255
0.00220567
0.00180887
0.00192969
0.00197774
0.00167338
0.00207576
0.00148558
0.00209866
0.00141812
0.00211043
0.00135475
0.00210378
0.0012491
0.00209731
0.00109936
0.00208911
0.000890847
0.00209946
0.000677682
0.000282695
-9.7438e-06
0.000779563
-3.37039e-05
0.000850109
-4.85943e-05
0.000888414
-4.93685e-05
0.00094436
-2.46931e-05
0.00104228
0.000156505
0.00130763
0.000643254
0.00192415
0.00110109
0.00237609
0.00136526
0.00236204
0.00155801
0.00216035
0.0017365
0.00187325
0.00184396
0.00165064
0.00189269
0.00150797
0.00190951
0.00145726
0.00192513
0.00136853
0.00192002
0.00126677
0.00191688
0.00110748
0.00191207
0.000897449
0.00192483
0.000665548
0.000267176
-1.12908e-05
0.000865977
-3.86921e-05
0.000935736
-5.41301e-05
0.000974003
-5.07017e-05
0.00104768
1.45789e-05
0.00119501
0.000318819
0.00165292
0.000794564
0.00226513
0.00110968
0.00248266
0.00131011
0.00234046
0.0014854
0.00210759
0.00160633
0.00183508
0.00166412
0.00167485
0.00169512
0.00154593
0.00170855
0.00147969
0.00172055
0.00137407
0.00171612
0.0012795
0.00171908
0.00110817
0.00171908
0.000898903
0.00173539
0.000649779
0.00025359
-9.24984e-06
0.000964375
-3.85698e-05
0.00104373
-6.04647e-05
0.00109688
-5.44143e-05
0.00120024
8.78822e-05
0.00143226
0.000479967
0.00204946
0.000847221
0.00248469
0.00106403
0.00251021
0.00122729
0.0023062
0.00135188
0.00206184
0.00142784
0.00184784
0.00146395
0.00171497
0.00148419
0.00156673
0.00149696
0.00148839
0.00150512
0.00137743
0.00150682
0.00128397
0.00151349
0.00110445
0.00151386
0.000899804
0.00153292
0.000631163
0.00024098
-1.15542e-05
0.0010716
-4.05483e-05
0.00116673
-6.00729e-05
0.00124292
-3.16741e-05
0.00137984
0.0002042
0.0017504
0.00057588
0.00238057
0.000822474
0.00259277
0.000980478
0.00250291
0.00109399
0.00226846
0.00118553
0.00205317
0.00123328
0.0018794
0.00126165
0.0017313
0.00127839
0.00157449
0.00128529
0.00149581
0.00128791
0.00138366
0.00129291
0.00128418
0.00130153
0.00109844
0.00130078
0.000901597
0.00131971
0.000612585
0.000230287
-1.74581e-05
0.00118734
-4.54792e-05
0.0013021
-5.69019e-05
0.0014077
2.44841e-05
0.00160853
0.000306115
0.00209907
0.000589648
0.00259696
0.000746287
0.00263829
0.000848846
0.00247792
0.000940341
0.00225375
0.00100343
0.00207488
0.00102573
0.00189433
0.00105984
0.00173091
0.00106763
0.00158304
0.00107091
0.00150321
0.00106896
0.00139332
0.0010745
0.00128325
0.00107977
0.00109533
0.00107651
0.000905664
0.00109574
0.000593619
0.000219299
-2.39273e-05
0.00131032
-5.21705e-05
0.00145119
-5.54922e-05
0.00158675
8.54331e-05
0.00188701
0.000354391
0.00242017
0.000534997
0.00272462
0.000626749
0.0026588
0.000708593
0.00246337
0.000762716
0.00226284
0.000798375
0.00209232
0.000821949
0.00190754
0.000843117
0.00172638
0.000844384
0.00159244
0.000848046
0.00150859
0.000844989
0.0014028
0.000852962
0.00127888
0.000852602
0.00109732
0.000846153
0.000912714
0.000862189
0.00057778
0.000209027
-2.77942e-05
0.00143216
-5.27832e-05
0.00160809
-4.44639e-05
0.00177216
0.000123905
0.00217945
0.000330758
0.00266872
0.000439799
0.00278451
0.000491287
0.00265533
0.000547367
0.00246112
0.000577019
0.00228658
0.000591171
0.00210534
0.000605414
0.00191192
0.000611175
0.00172805
0.000609971
0.0016015
0.000614519
0.00151084
0.000616043
0.00140586
0.000620092
0.00127733
0.000615916
0.00110265
0.000613408
0.000915631
0.000622092
0.000569229
0.000202187
-3.13739e-05
0.00155006
-4.79746e-05
0.00176548
-1.17307e-05
0.00196611
0.000137701
0.00244732
0.000268792
0.00283681
0.000314596
0.00280394
0.000350501
0.00266394
0.000389229
0.00248168
0.00038134
0.00231031
0.000384159
0.0021176
0.000388397
0.00191298
0.00038439
0.00173753
0.000379808
0.0016103
0.000380681
0.00151345
0.000377631
0.00141151
0.000374254
0.0012824
0.000370474
0.00110712
0.00037219
0.000914153
0.000372789
0.000568704
0.000195729
-4.50113e-05
0.0016797
-5.91665e-05
0.00193923
9.6501e-06
0.00218568
0.000132031
0.00268118
0.000188159
0.00294465
0.000199217
0.00283455
0.000216229
0.00270116
0.000213524
0.00250289
0.000194423
0.00233871
0.000185035
0.00212794
0.000172728
0.00191828
0.000160213
0.00174825
0.00015002
0.00162141
0.000144181
0.00152076
0.000133377
0.00142356
0.000125778
0.0012906
0.000120826
0.00111231
0.000121061
0.000913992
0.000115585
0.000574194
0.000190505
-6.63896e-05
0.00182769
-8.92367e-05
0.00214594
-1.35001e-05
0.00243246
7.03015e-05
0.00286294
7.9939e-05
0.00298707
8.21291e-05
0.00287669
6.74027e-05
0.00273868
3.85121e-05
0.00253502
5.12724e-06
0.00236911
-2.31396e-05
0.00214003
-5.08245e-05
0.001941
-6.80502e-05
0.00176087
-8.33649e-05
0.00163465
-9.63034e-05
0.00153254
-0.000116502
0.0014432
-0.000126002
0.00129983
-0.000138564
0.00112474
-0.000138643
0.000914013
-0.000141179
0.000576703
0.000194068
-8.03258e-05
0.00197256
-0.00011363
0.00235729
-6.96014e-05
0.00266536
-4.90889e-05
0.00299505
-5.43843e-05
0.00303133
-6.88218e-05
0.00291469
-0.000100526
0.00277165
-0.000152191
0.00257867
-0.000199831
0.00239705
-0.000240009
0.00216426
-0.000285585
0.00197549
-0.000313089
0.00177925
-0.000335319
0.00165046
-0.000350765
0.0015441
-0.000371435
0.00146165
-0.000385032
0.00131245
-0.000401611
0.00114091
-0.000403893
0.000916136
-0.000410143
0.000582902
0.000198268
-7.66199e-05
0.0020914
-0.00012335
0.00253438
-0.000115275
0.00285258
-0.000164526
0.00309259
-0.000193167
0.00309389
-0.000232083
0.00295308
-0.000274635
0.00280209
-0.000337249
0.00262431
-0.000403979
0.00243069
-0.000459602
0.00219736
-0.000520415
0.00201882
-0.000561057
0.00180703
-0.000593045
0.00167248
-0.000612129
0.00155657
-0.00063538
0.00148092
-0.000651753
0.00132704
-0.000670172
0.00115863
-0.000677124
0.00092281
-0.00068708
0.000592773
0.000200008
-6.74866e-05
0.00219122
-0.000130346
0.00269138
-0.000144096
0.00301541
-0.000219253
0.00319708
-0.000289569
0.00316593
-0.00036229
0.00301407
-0.000426488
0.00284894
-0.000520132
0.00266883
-0.000598247
0.00247261
-0.000672336
0.00223747
-0.000742547
0.00205475
-0.00080428
0.00184122
-0.000853273
0.00170078
-0.000881554
0.00157126
-0.000907854
0.00149948
-0.000927485
0.00134332
-0.000947896
0.00117785
-0.000956711
0.000931209
-0.000971182
0.000607127
0.00020101
-8.22155e-05
0.00230437
-0.000142781
0.00284949
-0.000175848
0.00317033
-0.000267362
0.00331244
-0.00035499
0.00324605
-0.000450979
0.00309218
-0.000558531
0.00291124
-0.000669097
0.0027284
-0.000772959
0.00252952
-0.000878427
0.00229863
-0.00096609
0.00210117
-0.0010504
0.00189066
-0.00111296
0.00173655
-0.00115364
0.00159419
-0.0011882
0.001524
-0.0012148
0.00136554
-0.00123559
0.00119703
-0.00124703
0.000942086
-0.00126123
0.000621168
0.000201795
-0.000128954
0.00245824
-0.000184805
0.00300841
-0.000247442
0.00327699
-0.000329037
0.00341765
-0.000420774
0.00332075
-0.00052973
0.00316075
-0.000668564
0.00298349
-0.000797844
0.00280198
-0.000926417
0.00260293
-0.00106187
0.00238046
-0.00118062
0.00216946
-0.00128585
0.00195207
-0.0013691
0.00178511
-0.00143483
0.00163619
-0.0014807
0.00155632
-0.00151813
0.00139704
-0.00153664
0.00121344
-0.00154745
0.000952121
-0.00156401
0.000637502
0.00020376
-0.000185451
0.00265625
-0.000281567
0.00318312
-0.000355728
0.00337642
-0.000440824
0.00349508
-0.000520465
0.00337328
-0.000642885
0.00321346
-0.000794532
0.00307404
-0.000951802
0.00289845
-0.00110676
0.00269562
-0.00126716
0.00247874
-0.00141267
0.00225544
-0.00154458
0.00203123
-0.00163776
0.00183569
-0.00171744
0.00168583
-0.00177784
0.00159918
-0.00182701
0.00143844
-0.00184754
0.00123128
-0.00186049
0.000964098
-0.00188161
0.000658309
0.000205434
-0.000192826
0.00284844
-0.000370293
0.00340179
-0.000499314
0.00352501
-0.000583815
0.00356046
-0.000678646
0.00340804
-0.000801129
0.00327139
-0.000946031
0.00315356
-0.00111245
0.00299509
-0.00129632
0.00280542
-0.00148862
0.0025956
-0.00166412
0.00235801
-0.00182156
0.00212318
-0.00193526
0.0018959
-0.00203001
0.0017423
-0.00210064
0.00164723
-0.00214847
0.0014762
-0.00216494
0.00124437
-0.0021826
0.000980553
-0.00220612
0.000681427
0.000208424
-0.000133087
0.00296843
-0.000339996
0.00361861
-0.000522144
0.00369671
-0.000657198
0.00366017
-0.000792331
0.00347717
-0.000956973
0.00336958
-0.00112646
0.00325122
-0.00130391
0.00309395
-0.00150175
0.00291837
-0.00171584
0.00272105
-0.00192443
0.00247891
-0.00210019
0.00221818
-0.00224467
0.00197263
-0.00235958
0.00180753
-0.00243926
0.00169707
-0.00248888
0.00151239
-0.00250336
0.00125448
-0.00251571
0.000991375
-0.00253606
0.000701254
0.000216064
-0.000109971
0.00305462
-0.000266837
0.00376378
-0.000429122
0.00384039
-0.000650334
0.00382229
-0.000862314
0.00362602
-0.00107816
0.00351634
-0.0013002
0.00339584
-0.0015239
0.00323101
-0.00174996
0.00304907
-0.00197705
0.00284641
-0.0022028
0.00260182
-0.00240349
0.00232234
-0.00256376
0.00205005
-0.00269917
0.00188018
-0.00279271
0.00175145
-0.00284517
0.00154679
-0.00285726
0.00126096
-0.0028645
0.000996736
-0.00287721
0.000713289
0.000219626
-0.000186199
0.00321993
-0.000313003
0.00388271
-0.000444741
0.00395428
-0.000684082
0.00400019
-0.000969522
0.00384421
-0.00124828
0.00372067
-0.00150711
0.00356856
-0.00177241
0.00339655
-0.00203818
0.00320267
-0.00228786
0.002976
-0.00251997
0.00271263
-0.00273457
0.00242267
-0.00292156
0.00213776
-0.0030654
0.00194647
-0.00315776
0.00179286
-0.00320689
0.00157132
-0.00322235
0.00126921
-0.00322685
0.000998984
-0.00322946
0.000715012
0.000217697
-0.00030105
0.00350947
-0.000498183
0.00407551
-0.000707113
0.00412568
-0.000915873
0.00414181
-0.00118584
0.00403767
-0.00149442
0.00394176
-0.00177608
0.0037479
-0.00206065
0.00356107
-0.00234692
0.00335311
-0.00262745
0.00311129
-0.00287781
0.00281678
-0.00310391
0.00251062
-0.00331477
0.00222787
-0.00346639
0.00200122
-0.00354482
0.0018045
-0.00358386
0.00157664
-0.00359408
0.00127027
-0.00359635
0.000998479
-0.0035892
0.000706712
0.000216313
-0.000309453
0.00379775
-0.000633785
0.00437817
-0.000952641
0.00440607
-0.0012125
0.00433294
-0.00145944
0.00420078
-0.0017527
0.00413067
-0.00207628
0.00394439
-0.00239876
0.00373402
-0.00269438
0.00348069
-0.00298254
0.00322031
-0.00325878
0.0029147
-0.00350563
0.00258876
-0.0037209
0.00229235
-0.00387614
0.00203289
-0.00395118
0.00178942
-0.00398412
0.0015605
-0.00398497
0.00125946
-0.00397062
0.000980866
-0.00395477
0.000689463
0.000216438
-0.000247743
0.00401869
-0.000541515
0.00464612
-0.000869946
0.00467033
-0.00121738
0.00461025
-0.00155657
0.00445272
-0.00187703
0.00433752
-0.00223724
0.00415303
-0.00263165
0.0039441
-0.00301195
0.00365084
-0.00333542
0.00331677
-0.0036354
0.00298289
-0.00391356
0.00264886
-0.00413434
0.00232354
-0.00428535
0.00202889
-0.00436931
0.00175494
-0.00439812
0.00151709
-0.00438311
0.00122879
-0.00434702
0.00094126
-0.00432166
0.000662224
0.000214604
-0.000318605
0.00430703
-0.000554993
0.00484452
-0.000817628
0.00487615
-0.00115365
0.00486927
-0.00156867
0.00476772
-0.00197883
0.00461136
-0.00238038
0.00437543
-0.00279855
0.00413861
-0.00323022
0.00382027
-0.00363964
0.00343879
-0.00398568
0.00303356
-0.0042902
0.00267203
-0.00453457
0.00232355
-0.00469299
0.00199182
-0.00477697
0.00168738
-0.00481014
0.00144123
-0.00477745
0.0011763
-0.00472184
0.000880584
-0.00468352
0.000621696
0.000208735
-0.000386962
0.00466937
-0.000752144
0.00517709
-0.00109158
0.00516572
-0.0014237
0.00511729
-0.00180219
0.00500916
-0.00223397
0.00486256
-0.00266415
0.00458626
-0.00306557
0.00426695
-0.00345287
0.00388257
-0.00386811
0.00349041
-0.00427429
0.00306001
-0.00462121
0.00265219
-0.00489802
0.00227987
-0.00507729
0.00192151
-0.00515695
0.00158236
-0.00519767
0.00133026
-0.00516146
0.00110746
-0.00509081
0.000801702
-0.0050341
0.000562336
0.000196365
-0.000305241
0.00494789
-0.000714981
0.00555128
-0.00113764
0.00551764
-0.00156349
0.00543731
-0.00195965
0.00525822
-0.00236096
0.00506344
-0.0027792
0.00473888
-0.00319681
0.00435115
-0.0036034
0.00389597
-0.00400015
0.00344377
-0.00443307
0.00301573
-0.00485335
0.00259395
-0.0051943
0.00218947
-0.00542216
0.00181927
-0.00549279
0.00144473
-0.005525
0.00120567
-0.00552823
0.000996401
-0.00544318
0.000699118
-0.00536663
0.000482414
0.000174332
-0.000297781
0.00521495
-0.000569111
0.00577781
-0.000882595
0.00575951
-0.00125654
0.00570808
-0.00167785
0.00553565
-0.0020824
0.00525722
-0.00249135
0.00482215
-0.0029442
0.00440009
-0.00342833
0.00392128
-0.00392002
0.00342579
-0.00439684
0.00293226
-0.00488889
0.00249238
-0.00534827
0.0020719
-0.005707
0.00168971
-0.00574575
0.00134288
-0.00580277
0.00102448
-0.00584749
0.000805862
-0.00575957
0.000574091
-0.00566857
0.000386853
0.000142488
-0.000322137
0.00551006
-0.000600197
0.00601032
-0.000854434
0.00593319
-0.00109251
0.00582277
-0.00136768
0.00562851
-0.00170006
0.00528789
-0.00207896
0.00481496
-0.00250053
0.00438126
-0.00298932
0.00392444
-0.00353761
0.00344391
-0.00411344
0.00291512
-0.00469707
0.00240481
-0.00529169
0.0019492
-0.00577615
0.00154955
-0.00599483
0.00120381
-0.00604953
0.000881456
-0.0060736
0.000622504
-0.0060258
0.000439418
-0.00592485
0.000278555
0.000102673
-0.000129454
0.00561643
-0.000397325
0.00622819
-0.000677007
0.00612461
-0.000950609
0.00594316
-0.00123116
0.0055995
-0.00149013
0.00519796
-0.00178549
0.00477157
-0.00211938
0.00435834
-0.00253266
0.00393527
-0.00303194
0.00347507
-0.00362298
0.00296735
-0.00426713
0.00240084
-0.00497335
0.00185812
-0.00563731
0.00143014
-0.00604563
0.00108801
-0.00623661
0.000706135
-0.0062299
0.000428768
-0.00625277
0.000240913
-0.00612985
0.000139929
5.29566e-05
6.61489e-05
0.0055279
-1.45756e-05
0.00627356
-0.00018302
0.00624338
-0.000431681
0.00611086
-0.00069108
0.00577643
-0.000965155
0.00535431
-0.00124997
0.00492834
-0.00156436
0.00453927
-0.00192358
0.00413483
-0.00238246
0.00371439
-0.00295639
0.00322876
-0.00364771
0.00266129
-0.00439825
0.00202034
-0.00524151
0.00137748
-0.00586159
0.00101788
-0.00627105
0.000522343
-0.00635601
0.000238084
-0.00637739
1.91164e-05
-0.00625923
-1.5569e-05
3.73921e-07
0.000265493
0.00523642
0.000306271
0.0062114
0.000266441
0.00625571
0.000172936
0.0061678
2.17649e-05
0.00589043
-0.000167212
0.00548808
-0.000395317
0.00508573
-0.000676116
0.00473192
-0.00103768
0.00437741
-0.00149442
0.00400554
-0.00207812
0.00357449
-0.00277183
0.00301987
-0.0035757
0.00232903
-0.00453883
0.00153633
-0.00551426
0.000921374
-0.0060606
0.000416122
-0.00631654
2.72699e-05
-0.00641997
-0.00021075
-0.006305
-0.000218798
-7.15662e-05
0.00090197
0.00429562
0.00108434
0.00602031
0.00100031
0.00633251
0.000866936
0.00632169
0.000660952
0.00609072
0.000479976
0.00563434
0.000302051
0.00522381
7.81076e-05
0.00488949
-0.000251074
0.0046141
-0.000682645
0.00430782
-0.00123016
0.00394388
-0.00189843
0.00344335
-0.00268954
0.0027719
-0.00363671
0.00192453
-0.00466114
0.000994608
-0.00565686
0.000452574
-0.00609726
-8.03751e-05
-0.00626243
-0.0004228
-0.00628642
-0.000411678
-0.000189235
0.0015684
0.00249949
0.0022802
0.00522741
0.00242176
0.00615647
0.00225573
0.00648254
0.00190825
0.00650059
0.00143179
0.00617627
0.000999101
0.005666
0.00060161
0.0052503
0.000230655
0.00492315
-0.000208464
0.0046589
-0.000688889
0.00429812
-0.00123294
0.00381433
-0.00188462
0.00318631
-0.00270036
0.00240717
-0.00360712
0.00141097
-0.00492666
0.000416086
-0.0057379
-0.000121362
-0.00588924
-0.000474447
-0.0061439
-0.000674658
-0.000325188
0.000911735
0.00095116
0.00246182
0.00346503
0.00319383
0.00529609
0.00349446
0.00613675
0.00344683
0.00654383
0.00307133
0.00666351
0.00250007
0.00644999
0.00177943
0.00602446
0.00114603
0.00555019
0.000536668
0.00522247
-6.39972e-05
0.00483516
-0.000645294
0.0042918
-0.00121412
0.00360384
-0.00184054
0.00281078
-0.0026447
0.00186668
-0.00366163
0.00077589
-0.00491734
-6.45361e-05
-0.00546548
-0.000570581
-0.00576188
-0.000783731
-0.000438867
0.000267621
0.000447816
0.00157581
0.00156812
0.00303622
0.00356987
0.00392155
0.00507743
0.00440126
0.00593184
0.00462221
0.00639589
0.00448971
0.00665223
0.00401352
0.00661831
0.00337386
0.00637797
0.00261307
0.00607257
0.00175402
0.00565855
0.000819887
0.00518836
-0.000107392
0.00446678
-0.000823835
0.0034174
-0.00151262
0.00236118
-0.00234087
0.0013464
-0.00369836
0.000228914
-0.00467335
-0.000430822
-0.00512509
-0.000782073
-0.000502646
3.98496e-05
0.000311778
0.000535161
0.000651261
0.00179076
0.00169679
0.00318392
0.00325984
0.00438153
0.00458223
0.00510389
0.00551772
0.00557463
0.00606066
0.00573286
0.00640911
0.0055294
0.00663862
0.00504336
0.00667465
0.00438363
0.00649387
0.00344118
0.00625433
0.00219045
0.00570788
0.000934564
0.00464767
-2.45825e-06
0.00324341
-0.000883971
0.00207916
-0.00208685
0.00107535
-0.00363788
-3.35611e-05
-0.00417627
-0.000479778
-0.000578226
3.42511e-05
0.000225474
0.000210508
0.000374784
0.000773219
0.000704927
0.00177465
0.00148181
0.00311424
0.00255331
0.00440232
0.00372469
0.00543861
0.00471748
0.00612605
0.00547853
0.00650353
0.00606865
0.00657421
0.00650869
0.00622209
0.00674522
0.00564033
0.00684691
0.00475007
0.00661808
0.00343423
0.0059824
0.00197252
0.00471507
0.000822989
0.00319694
-0.000419584
0.00218017
-0.00199698
0.000997183
-0.00326835
4.9232e-05
-0.000309939
0.000149667
5.10639e-05
0.000323015
0.000147093
0.000601209
0.000323014
0.00117365
0.000631024
0.00206702
0.00104936
0.0033498
0.00159664
0.00457155
0.00244411
0.00580543
0.00344349
0.0067122
0.00459172
0.00733448
0.00560395
0.00749247
0.00637994
0.00728196
0.00692174
0.00671067
0.00709642
0.00567741
0.00701121
0.00408186
0.00631357
0.00258275
0.00471345
0.00124717
0.00346656
-0.000310234
0.0024016
-0.00192039
0.00103192
0.000272645
0.000262154
-0.000284544
0.000525905
-0.000215042
0.000788578
-6.92229e-05
0.00117157
0.00013845
0.00169458
0.000385421
0.00249893
0.000592499
0.00355451
0.00105693
0.00474389
0.0017437
0.00591328
0.00268912
0.00687655
0.00375821
0.00765472
0.00505546
0.00782916
0.00648438
0.00747019
0.00734971
0.00675932
0.00769441
0.00553786
0.00753387
0.00398309
0.0062525
0.00251116
0.00488457
0.000952435
0.00386077
-0.000643713
0.00237193
0.00120508
0.000366686
-0.000821895
0.00067962
-0.000813251
0.000987274
-0.000644514
0.00125914
-0.000402529
0.00164887
-0.000185625
0.00222933
-4.50359e-05
0.00294746
0.000323146
0.00376003
0.00108741
0.00460705
0.00186656
0.00547409
0.0028575
0.0062353
0.00407052
0.00686777
0.00550992
0.00703993
0.00684287
0.00674689
0.00781244
0.00601129
0.00825917
0.00469999
0.00756333
0.00330892
0.00622777
0.00183372
0.00523502
0.000217961
0.00385036
0.00230778
0.00033795
-0.00127055
0.000720708
-0.00135343
0.0010213
-0.00123727
0.00113333
-0.000997155
0.0012212
-0.000662152
0.00153887
-0.000458496
0.00219997
-0.000166784
0.00294498
0.00064741
0.00367463
0.00141531
0.0043954
0.00227392
0.00501999
0.00361227
0.00550247
0.00516218
0.00595379
0.0067112
0.00603722
0.0080821
0.0056629
0.00876862
0.00471574
0.00855649
0.00368088
0.00722482
0.00252137
0.00628865
0.00102201
0.00521561
0.00382609
0.000225572
-0.001528
0.000504848
-0.00169033
0.00078541
-0.00163497
0.000957158
-0.00144689
0.000828264
-0.00100108
0.000866765
-0.000670686
0.00117896
-0.000439482
0.0018594
0.000286729
0.0022913
0.00123246
0.00267225
0.00216148
0.00314376
0.00336651
0.00370264
0.00486798
0.00433779
0.00662001
0.00467323
0.00814019
0.00466718
0.00897775
0.00425309
0.00903982
0.00370563
0.00773895
0.00300756
0.00687834
0.00206849
0.00601198
0.0048461
0.000148888
-0.00166799
0.000321276
-0.00187192
0.000492362
-0.00183081
0.0006166
-0.00165357
0.00058501
-0.00118284
0.000393208
-0.000747349
0.000365432
-0.000494036
0.000704038
3.22377e-05
0.00102841
0.00107626
0.00114951
0.00220276
0.00143428
0.00347042
0.00204447
0.00488619
0.00283354
0.00645692
0.00346151
0.00790991
0.00380585
0.00882905
0.00386438
0.0090424
0.0036336
0.00793287
0.00332664
0.00707652
0.00287129
0.00631864
0.00474417
0.000106633
-0.00174789
0.000195599
-0.0019139
0.000274764
-0.00187606
0.000311332
-0.0016793
0.000293691
-0.00119148
0.000142965
-0.000685951
-3.0256e-05
-0.000398053
3.73367e-05
-5.2245e-05
0.000274348
0.000809626
0.000495316
0.00203774
0.00075786
0.00336174
0.00121263
0.00476439
0.00197941
0.00613463
0.00275976
0.00740863
0.00340122
0.0083194
0.00383868
0.00863206
0.00379586
0.00792278
0.00366219
0.00709815
0.00341917
0.00641016
0.0040614
7.02885e-05
-0.00175513
7.07132e-05
-0.00186911
6.27084e-05
-0.00178724
1.45131e-05
-0.0015149
-1.2057e-05
-0.00105436
-4.17986e-05
-0.000586012
-0.000167672
-0.000287143
-0.000256025
-3.1808e-05
-0.000115784
0.000525495
0.000227592
0.00156968
0.000664578
0.00290332
0.00120585
0.00431944
0.00189668
0.00561834
0.00267609
0.00673152
0.00339131
0.00763084
0.0039586
0.00802714
0.00418786
0.00760327
0.00413369
0.00702434
0.00406696
0.00632103
0.00320381
-2.61406e-05
-0.00170109
-0.000100149
-0.00175137
-0.000189019
-0.00159045
-0.000258769
-0.00122482
-0.000288868
-0.000806019
-0.0002479
-0.000466777
-0.000278273
-0.000207936
-0.000353824
-8.53524e-07
-0.000290397
0.000322236
5.09728e-05
0.000982604
0.000618377
0.00206442
0.00135663
0.00339565
0.00218697
0.0046678
0.0030235
0.00579578
0.00385558
0.00668868
0.0044789
0.00728074
0.00488664
0.00705332
0.00494782
0.00679626
0.00506254
0.00603729
0.00242224
-0.000138967
-0.0015463
-0.000325284
-0.0015154
-0.000463205
-0.00132276
-0.00051121
-0.000945912
-0.000505363
-0.000590507
-0.00046887
-0.000366029
-0.000420549
-0.000171532
-0.000421257
-8.77029e-07
-0.000375277
0.000202414
-0.000161741
0.000554713
0.000345437
0.00120126
0.00110559
0.00225302
0.0020574
0.00335615
0.00309152
0.00440726
0.00415265
0.00528956
0.00501298
0.00609733
0.00563684
0.00612563
0.0060308
0.00613819
0.00635193
0.00550007
0.00187469
-0.000253044
-0.00128493
-0.000474972
-0.00124461
-0.000595016
-0.00107363
-0.000601407
-0.000727915
-0.000583978
-0.000436021
-0.000576096
-0.000281586
-0.000532555
-0.000147157
-0.00050433
-1.23068e-05
-0.000457968
0.000123522
-0.000335374
0.000319136
-2.48395e-05
0.000642196
0.000544499
0.00129332
0.00140113
0.00204788
0.00244459
0.00288932
0.0036773
0.00357881
0.0049145
0.00438767
0.00597158
0.00462666
0.00689827
0.00482058
0.00756968
0.00450709
0.00210806
-0.000286877
-0.000994062
-0.000516907
-0.000964585
-0.000647685
-0.000815016
-0.000640352
-0.000530538
-0.000618702
-0.000306654
-0.000634509
-0.000197762
-0.000618088
-0.000117937
-0.000588401
-2.71835e-05
-0.000545469
6.73707e-05
-0.000458386
0.000184673
-0.000287174
0.000346182
9.92761e-05
0.000658282
0.000693013
0.00108888
0.00154134
0.0015952
0.00270413
0.00192624
0.00403574
0.00254945
0.00540072
0.00277758
0.00666609
0.00312215
0.00812888
0.00276668
0.00261948
-0.000320368
-0.000670888
-0.000601963
-0.000629125
-0.000763493
-0.00051231
-0.000747975
-0.000310684
-0.000676079
-0.000155356
-0.00065449
-9.28691e-05
-0.000664687
-5.43858e-05
-0.000653615
-1.38359e-05
-0.000629629
4.39698e-05
-0.000568297
0.00010807
-0.000439255
0.000171572
-0.000191989
0.000304411
0.000218508
0.000485871
0.000827321
0.000688732
0.00149909
0.000934356
0.00225763
0.00143362
0.00327147
0.00140256
0.00400616
0.00208318
0.00594271
0.000829321
-0.000179399
-0.000457756
-0.000205875
-0.000830909
-0.000186141
-0.00103468
-0.000150825
-0.00104338
-7.74639e-05
-0.000971635
-4.40809e-05
-0.000889637
-5.20912e-05
-0.000832785
-3.68025e-05
-0.000792182
-3.96336e-05
-0.000734272
7.009e-06
-0.000613322
-2.86366e-06
-0.000464896
2.03966e-05
-0.000274977
9.81227e-05
0.000120505
5.58488e-05
0.000671066
8.73105e-05
0.00122777
0.000277083
0.00207792
0.000439129
0.0030946
0.000232025
0.00476378
0.000275086
0.00634205
-0.000597094
-0.00353343
-0.000296927
-0.000523733
-0.000702497
-0.000854731
-0.000869276
-0.000795943
-0.000613768
-0.000688101
-0.000771948
-0.000345458
-0.000308576
-0.000236421
-6.10224e-05
0.000754819
0.00114721
0.00175037
0.00175872
0.00258521
0.00296279
)
;

boundaryField
{
    outlet
    {
        type            calculated;
        value           nonuniform List<scalar> 
20
(
9.23761e-05
5.22257e-05
4.13608e-05
0.000106165
2.95707e-05
-5.23057e-05
-0.000133781
-5.92357e-06
7.8185e-05
-0.00037278
-0.000103086
9.73311e-05
-0.000275154
-0.000530293
-0.000154166
3.55971e-05
0.000582331
-0.000175656
-0.000393468
-0.00826768
)
;
    }
    inlet
    {
        type            calculated;
        value           nonuniform List<scalar> 
20
(
-1.09293e-05
-1.15799e-05
-1.22692e-05
-1.29996e-05
-1.37734e-05
-1.45933e-05
-1.54619e-05
-1.63823e-05
-1.73575e-05
-1.83907e-05
-1.94855e-05
-2.06453e-05
-2.18743e-05
-2.31764e-05
-2.4556e-05
-2.60177e-05
-2.75664e-05
-2.92073e-05
-3.09459e-05
-3.2788e-05
)
;
    }
    wall
    {
        type            calculated;
        value           nonuniform List<scalar> 
200
(
2.24826e-06
3.26513e-06
3.79885e-06
3.77035e-06
3.34822e-06
2.54961e-06
1.38752e-06
-6.5766e-08
-1.74784e-06
-3.71624e-06
-6.01561e-06
-8.52326e-06
-1.11317e-05
-1.37566e-05
-1.63456e-05
-1.88772e-05
-2.13512e-05
-2.37795e-05
-2.61771e-05
-2.85613e-05
-3.09473e-05
-3.33469e-05
-3.57696e-05
-3.82229e-05
-4.07133e-05
-4.32459e-05
-4.58251e-05
-4.84546e-05
-5.1137e-05
-5.38742e-05
-5.66674e-05
-5.95165e-05
-6.2421e-05
-6.53791e-05
-6.83882e-05
-7.14451e-05
-7.45457e-05
-7.76853e-05
-8.08588e-05
-8.40608e-05
-8.72858e-05
-9.05287e-05
-9.37844e-05
-9.70489e-05
-0.000100319
-0.000103594
-0.00010687
-0.000110138
-0.000113417
-0.000116707
-0.000120023
-0.000123374
-0.000126777
-0.000130252
-0.000133825
-0.000137516
-0.000141349
-0.000145357
-0.000149583
-0.000154075
-0.000158885
-0.000164068
-0.000169686
-0.000175799
-0.000182475
-0.000189801
-0.000197817
-0.000206594
-0.000216208
-0.000226717
-0.000238211
-0.00025074
-0.000264415
-0.000279283
-0.000295521
-0.000313239
-0.000332622
-0.000353888
-0.000377312
-0.000403207
-0.000431938
-0.000463973
-0.000499746
-0.000539687
-0.000584274
-0.000633908
-0.000688572
-0.000748466
-0.000814782
-0.000888556
-0.000968238
-0.00105264
-0.0011419
-0.00123575
-0.00133302
-0.0014332
-0.00153417
-0.00163241
-0.00172559
-0.00181217
-0.00188941
-0.00195371
-0.00199667
-0.00201589
-0.00201106
-0.00197998
-0.00192053
-0.00183029
-0.00170841
-0.00155547
-0.00137178
-0.00115855
-0.000917782
-0.000649764
-0.000356962
-4.42143e-05
0.000286319
0.000625886
0.000964499
0.00128923
0.00159442
0.00187192
0.00211657
0.00233264
0.00251765
0.00266972
0.00279018
0.00288369
0.00295753
0.00301495
0.00305792
0.00308958
0.00311474
0.00313614
0.00315279
0.00315851
0.00315265
0.00313253
0.00309678
0.00304707
0.0029834
0.00290422
0.00281008
0.00270102
0.00257793
0.00243735
0.00228316
0.00211819
0.00194063
0.00174919
0.00154571
0.00133053
0.00110682
0.000872528
0.000628974
0.000379267
0.00012081
-0.000144752
-0.000414358
-0.000688841
-0.000972213
-0.00126205
-0.00156602
-0.00188334
-0.00220919
-0.0025438
-0.0028809
-0.0032277
-0.00358804
-0.00395521
-0.00432025
-0.00467825
-0.00502256
-0.00534577
-0.00563839
-0.00588736
-0.00608321
-0.00621071
-0.0062379
-0.00617405
-0.00602161
-0.00570084
-0.00524516
-0.00461911
-0.00384203
-0.00285866
-0.00192394
-0.00118025
-0.00072748
0.000837336
0.00292808
0.00414542
0.00495165
0.00583289
0.00688725
0.00730643
0.00761745
0.00874157
0.00969607
0.00799266
)
;
    }
    interface
    {
        type            calculated;
        value           nonuniform List<scalar> 
200
(
0
0
0
0
0
0
0
1.03398e-25
0
0
2.06795e-25
0
0
0
0
0
0
0
0
4.1359e-25
0
0
0
0
0
-8.27181e-25
0
0
0
0
-8.27181e-25
0
0
0
0
0
0
0
-1.05879e-22
0
0
-3.4063e-05
-3.81537e-05
-3.4297e-05
-3.19157e-05
-3.0243e-05
-2.89803e-05
-2.79819e-05
-2.71668e-05
-2.64855e-05
-2.59057e-05
-2.54052e-05
-2.49682e-05
-2.45831e-05
-2.42411e-05
-2.39354e-05
-2.36607e-05
-2.34126e-05
-2.31878e-05
-2.29833e-05
-2.27967e-05
-2.26262e-05
-2.24699e-05
-2.23264e-05
-2.21945e-05
-2.20732e-05
-2.19615e-05
-2.18585e-05
-2.17636e-05
-2.16761e-05
-2.15955e-05
-2.15212e-05
-2.14529e-05
-2.139e-05
-2.13323e-05
-2.12793e-05
-2.12309e-05
-2.11867e-05
-2.11465e-05
-2.11101e-05
-2.10772e-05
-2.10477e-05
-2.10214e-05
-2.09981e-05
-2.09776e-05
-2.096e-05
-2.09449e-05
-2.09323e-05
0
0
0
0
4.33681e-19
0
0
-8.67362e-19
0
-8.67362e-19
0
0
0
-8.67362e-19
0
0
0
0
0
0
0
0
0
0
0
0
0
0
0
0
0
0
0
0
0
0
0
0
0
0
0
0
0
0
0
0
0
0
0
0
0
0
0
0
0
0
0
0
0
0
0
0
0
0
0
0
0
0
0
4.33681e-19
0
0
0
0
0
0
0
0
0
0
0
0
0
0
0
0
0
0
0
0
0
0
0
0
0
0
0
0
0
0
0
0
0
0
0
0
0
0
0
0
0
0
)
;
    }
    frontAndback
    {
        type            empty;
        value           nonuniform 0();
    }
}


// ************************************************************************* //
