/*--------------------------------*- C++ -*----------------------------------*\
| =========                 |                                                 |
| \\      /  F ield         | OpenFOAM: The Open Source CFD Toolbox           |
|  \\    /   O peration     | Version:  dev                                   |
|   \\  /    A nd           | Web:      www.OpenFOAM.org                      |
|    \\/     M anipulation  |                                                 |
\*---------------------------------------------------------------------------*/
FoamFile
{
    version     2.0;
    format      ascii;
    class       volScalarField;
    location    "100";
    object      Qdot;
}
// * * * * * * * * * * * * * * * * * * * * * * * * * * * * * * * * * * * * * //

dimensions      [1 -1 -3 0 0 0 0];

internalField   nonuniform List<scalar> 
4000
(
1.04624e-106
1.11616e-107
5.2444e-109
1.47139e-110
2.85703e-112
3.91241e-114
3.96041e-116
3.0662e-118
1.88881e-120
9.33088e-123
3.78436e-125
1.26122e-127
3.50038e-130
8.06532e-133
1.54361e-135
2.5017e-138
3.44251e-141
4.02295e-144
4.22806e-147
4.14546e-150
4.37367e-104
4.53115e-105
2.07611e-106
5.72405e-108
1.08794e-109
1.46056e-111
1.45021e-113
1.10155e-115
6.68518e-118
3.27254e-120
1.30539e-122
4.29137e-125
1.16767e-127
2.64423e-130
5.00805e-133
7.96041e-136
1.07075e-138
1.23958e-141
1.25452e-144
1.22282e-147
1.84364e-101
1.85629e-102
8.278e-104
2.23838e-105
4.14215e-107
5.44747e-109
5.30051e-111
3.97433e-113
2.3726e-115
1.14846e-117
4.52825e-120
1.46913e-122
3.94441e-125
8.81622e-128
1.6474e-130
2.58276e-133
3.42933e-136
3.86206e-139
3.77742e-142
3.55357e-145
7.89289e-99
7.71466e-100
3.34877e-101
8.81317e-103
1.58409e-104
2.03763e-106
1.94164e-108
1.43591e-110
8.47179e-113
4.05278e-115
1.5747e-117
5.03819e-120
1.33421e-122
2.94236e-125
5.41374e-128
8.38866e-131
1.09806e-133
1.22015e-136
1.15898e-139
1.03539e-142
3.43476e-96
3.25126e-97
1.37045e-98
3.50478e-100
6.10779e-102
7.65514e-104
7.17971e-106
5.22751e-108
3.03949e-110
1.43252e-112
5.48497e-115
1.72956e-117
4.51429e-120
9.7988e-123
1.77588e-125
2.7182e-128
3.51032e-131
3.85496e-134
3.61023e-137
3.03143e-140
1.5243e-93
1.39521e-94
5.69415e-96
1.40908e-97
2.38158e-99
2.90471e-101
2.67359e-103
1.92005e-105
1.09755e-107
5.07861e-110
1.91439e-112
5.93196e-115
1.52455e-117
3.25961e-120
5.82468e-123
8.79013e-126
1.1209e-128
1.21634e-131
1.1243e-134
8.96805e-138
6.90826e-91
6.09604e-92
2.40573e-93
5.75338e-95
9.40897e-97
1.11821e-98
1.00779e-100
7.09818e-103
3.98299e-105
1.80921e-107
6.69553e-110
2.03492e-112
5.14698e-115
1.08267e-117
1.90731e-120
2.83578e-123
3.56968e-126
3.82306e-129
3.49177e-132
2.72585e-135
3.2061e-88
2.72284e-89
1.03463e-90
2.39098e-92
3.77583e-94
4.3597e-96
3.84388e-98
2.64898e-100
1.45055e-102
6.45739e-105
2.34285e-107
6.99634e-110
1.73826e-112
3.59181e-115
6.23828e-118
9.13946e-121
1.13443e-123
1.19733e-126
1.08092e-129
8.32826e-133
1.52568e-85
1.24437e-86
4.55138e-88
1.01235e-89
1.54584e-91
1.73296e-93
1.48548e-95
9.97024e-98
5.32316e-100
2.31518e-102
8.21781e-105
2.4102e-107
5.86913e-110
1.19274e-112
2.03818e-115
2.93853e-118
3.59446e-121
3.7408e-124
3.33023e-127
2.53042e-130
7.45257e-83
5.82797e-84
2.04767e-85
4.37482e-87
6.45105e-89
6.97665e-91
5.79755e-93
3.78001e-95
1.96755e-97
8.34356e-100
2.89743e-102
8.30458e-105
1.98256e-107
3.95981e-110
6.64671e-113
9.42663e-116
1.13541e-118
1.16432e-121
1.02134e-124
7.65495e-128
3.7375e-80
2.80001e-81
9.42075e-83
1.93493e-84
2.73864e-86
2.85374e-88
2.29345e-90
1.44853e-92
7.31959e-95
3.02504e-97
1.02619e-99
2.87046e-102
6.70362e-105
1.31497e-107
2.16396e-110
3.01678e-113
3.57509e-116
3.60957e-119
3.11548e-122
2.30468e-125
1.92445e-77
1.38044e-78
4.44088e-80
8.74405e-82
1.18668e-83
1.19142e-85
9.23478e-88
5.62132e-90
2.75745e-92
1.10523e-94
3.64914e-97
9.95055e-100
2.27169e-102
4.35889e-105
7.03687e-108
9.63355e-111
1.12214e-113
1.11252e-116
9.45994e-120
6.89908e-123
1.0165e-74
6.9755e-76
2.14742e-77
4.04738e-79
5.26856e-81
5.07575e-83
3.77507e-85
2.21213e-87
1.04949e-89
4.07081e-92
1.3055e-94
3.46468e-97
7.72057e-100
1.44525e-102
2.28709e-105
3.07044e-108
3.50481e-111
3.41709e-114
2.86042e-117
2.05329e-120
5.50036e-72
3.61555e-73
1.06472e-74
1.92301e-76
2.39383e-78
2.20866e-80
1.57278e-82
8.84725e-85
4.05226e-87
1.51936e-89
4.71174e-92
1.21459e-94
2.63379e-97
4.80894e-100
7.4361e-103
9.77057e-106
1.09242e-108
1.04554e-111
8.59819e-115
6.06709e-118
3.04494e-69
1.91614e-70
5.40793e-72
9.33878e-74
1.113e-75
9.80085e-78
6.68791e-80
3.61123e-82
1.58991e-84
5.74429e-87
1.71669e-89
4.28922e-92
9.02371e-95
1.60393e-97
2.41876e-100
3.09821e-103
3.39401e-106
3.18634e-109
2.57058e-112
1.78165e-115
1.72047e-66
1.03752e-67
2.80389e-69
4.63654e-71
5.28267e-73
4.45551e-75
2.90389e-77
1.50436e-79
6.33795e-82
2.19806e-84
6.32225e-87
1.5285e-89
3.11059e-92
5.3699e-95
7.85977e-98
9.82734e-101
1.05251e-103
9.65891e-107
7.64315e-110
5.20786e-113
9.91175e-64
5.73552e-65
1.4835e-66
2.34982e-68
2.56153e-70
2.06359e-72
1.286e-74
6.3803e-77
2.57092e-79
8.54394e-82
2.36393e-84
5.502e-87
1.08091e-89
1.80231e-92
2.56288e-95
3.1192e-98
3.25194e-101
2.91761e-104
2.26157e-107
1.51327e-110
5.80973e-61
3.22504e-62
8.00826e-64
1.21389e-65
1.26737e-67
9.77178e-70
5.82321e-72
2.75665e-74
1.06152e-76
3.37499e-79
8.96947e-82
2.00337e-84
3.78945e-87
6.09422e-90
8.38972e-93
9.88882e-96
1.00342e-98
8.77978e-102
6.65026e-105
4.3641e-108
3.46167e-58
1.84591e-59
4.39673e-61
6.388e-63
6.38976e-65
4.71126e-67
2.6852e-69
1.21473e-71
4.47268e-74
1.35915e-76
3.45389e-79
7.39428e-82
1.33838e-84
2.07486e-87
2.75903e-90
3.14559e-93
3.09835e-96
2.63913e-99
1.94946e-102
1.25121e-105
2.09483e-55
1.07292e-56
2.45076e-58
3.41479e-60
3.27256e-62
2.30882e-64
1.25924e-66
5.44455e-69
1.91671e-71
5.56283e-74
1.34974e-76
2.75831e-79
4.78561e-82
7.12383e-85
9.08999e-88
1.00137e-90
9.55402e-94
7.9019e-97
5.69675e-100
3.56849e-103
1.28726e-52
6.31821e-54
1.38226e-55
1.846e-57
1.69475e-59
1.14315e-61
5.96735e-64
2.47589e-66
8.33939e-69
2.30836e-71
5.33735e-74
1.04182e-76
1.73155e-79
2.46431e-82
3.01639e-85
3.19952e-88
2.94925e-91
2.36702e-94
1.65593e-97
1.01185e-100
8.02616e-50
3.77058e-51
7.89528e-53
1.00968e-54
8.88163e-57
5.74234e-59
2.8609e-61
1.13709e-63
3.66427e-66
9.69855e-69
2.1414e-71
3.99104e-74
6.3219e-77
8.6082e-80
1.01009e-82
1.02988e-85
9.15013e-89
7.09983e-92
4.81457e-95
2.85646e-98
5.07457e-47
2.27939e-48
4.56267e-50
5.58225e-52
4.70225e-54
2.90602e-56
1.38902e-58
5.27425e-61
1.62676e-63
4.10571e-66
8.66971e-69
1.54287e-71
2.33697e-74
3.03557e-77
3.40993e-80
3.33582e-83
2.84992e-86
2.1326e-89
1.39794e-92
8.02416e-96
3.25528e-44
1.39807e-45
2.67286e-47
3.11582e-49
2.50817e-51
1.48642e-53
6.79631e-56
2.47141e-58
7.26857e-61
1.75914e-63
3.54116e-66
6.01392e-69
8.69033e-72
1.07817e-74
1.1601e-77
1.08753e-80
8.91543e-84
6.41994e-87
4.05601e-90
2.24343e-93
2.11924e-41
8.68729e-43
1.58275e-44
1.75474e-46
1.34826e-48
7.6259e-51
3.34362e-53
1.16428e-55
3.27131e-58
7.55719e-61
1.45231e-63
2.35135e-66
3.24936e-69
3.86263e-72
3.97626e-75
3.56678e-78
2.80067e-81
1.93323e-84
1.17424e-87
6.23286e-91
1.40158e-38
5.4693e-40
9.47546e-42
9.99528e-44
7.29306e-46
3.94478e-48
1.6537e-50
5.4731e-53
1.4684e-55
3.24923e-58
5.97409e-61
9.25875e-64
1.22419e-66
1.3915e-69
1.3692e-72
1.1745e-75
8.8242e-79
5.82552e-82
3.38641e-85
1.72784e-88
9.4145e-36
3.4893e-37
5.7331e-39
5.73916e-41
3.98014e-43
2.04966e-45
8.16739e-48
2.57937e-50
6.61055e-53
1.39652e-55
2.45424e-58
3.64382e-61
4.61195e-64
5.01499e-67
4.71915e-70
3.87272e-73
2.78338e-76
1.7532e-79
9.72651e-83
4.77432e-86
6.42527e-33
2.25629e-34
3.50532e-36
3.32016e-38
2.18257e-40
1.06773e-42
4.03014e-45
1.21465e-47
2.95559e-50
5.98933e-53
1.00592e-55
1.42892e-58
1.73098e-61
1.80114e-64
1.62266e-67
1.27508e-70
8.73843e-74
5.26364e-77
2.78856e-80
1.30696e-83
4.45729e-30
1.47908e-31
2.16544e-33
1.93416e-35
1.20151e-37
5.56921e-40
1.99216e-42
5.67244e-45
1.31908e-47
2.55107e-50
4.09179e-53
5.55993e-56
6.44563e-59
6.42014e-62
5.53917e-65
4.16205e-68
2.72936e-71
1.56571e-74
7.9173e-78
3.54009e-81
3.14404e-27
9.83095e-29
1.35127e-30
1.13387e-32
6.63311e-35
2.88868e-37
9.79046e-40
2.64289e-42
5.84555e-45
1.07313e-47
1.64583e-50
2.13833e-53
2.37101e-56
2.25835e-59
1.864e-62
1.33733e-65
8.3754e-69
4.59457e-72
2.22085e-75
9.45635e-79
2.25561e-24
6.62578e-26
8.51417e-28
6.68323e-30
3.66759e-32
1.50093e-34
4.7865e-37
1.22148e-39
2.55989e-42
4.46603e-45
6.52826e-48
8.0946e-51
8.5742e-54
7.8075e-57
6.18282e-60
4.22548e-63
2.53039e-66
1.32695e-69
6.11923e-73
2.49874e-76
1.64617e-21
4.52782e-23
5.41341e-25
3.95589e-27
2.02767e-29
7.76257e-32
2.31807e-34
5.57911e-37
1.10341e-39
1.82642e-42
2.54083e-45
3.00088e-48
3.03206e-51
2.6368e-54
1.9908e-57
1.30237e-60
7.46119e-64
3.74461e-67
1.64967e-70
6.43303e-74
1.22218e-18
3.13652e-20
3.46987e-22
2.34757e-24
1.11094e-26
3.97471e-29
1.11078e-31
2.51045e-34
4.67842e-37
7.31135e-40
9.66338e-43
1.0837e-45
1.04238e-48
8.64533e-52
6.22969e-55
3.90013e-58
2.13455e-61
1.02412e-64
4.32009e-68
1.60785e-71
9.22981e-16
2.20213e-17
2.23899e-19
1.3935e-21
6.08226e-24
2.01485e-26
5.2403e-29
1.10734e-31
1.93719e-34
2.84583e-37
3.55619e-40
3.78466e-43
3.45968e-46
2.73221e-49
1.87886e-52
1.12399e-55
5.89144e-59
2.70647e-62
1.0886e-65
3.85366e-69
7.08779e-13
1.56557e-14
1.4514e-16
8.24753e-19
3.2962e-21
1.00432e-23
2.41928e-26
4.7587e-29
7.78266e-32
1.07229e-34
1.26132e-37
1.27127e-40
1.10027e-43
8.25432e-47
5.39868e-50
3.09392e-53
1.54519e-56
6.76834e-60
2.60544e-63
8.82625e-67
5.51651e-10
1.11918e-11
9.42385e-14
4.80335e-16
1.75759e-18
4.88674e-21
1.08518e-23
1.97681e-26
3.00803e-29
3.87293e-32
4.26571e-35
4.04598e-38
3.31257e-41
2.35813e-44
1.47236e-47
7.99154e-51
3.79922e-54
1.59192e-57
5.84693e-61
1.89712e-64
4.374e-07
8.13032e-09
6.05816e-11
2.77467e-13
9.14537e-16
2.30817e-18
4.68595e-21
7.85307e-24
1.10557e-26
1.32369e-29
1.35986e-32
1.20828e-35
9.33995e-39
6.29843e-42
3.71832e-45
1.92013e-48
8.69929e-52
3.45886e-55
1.21082e-58
3.73788e-62
0.000352053
5.95702e-06
3.88856e-08
1.5682e-10
4.58921e-13
1.04167e-15
1.91768e-18
2.9358e-21
3.80044e-24
4.20858e-27
4.0199e-30
3.33195e-33
2.41544e-36
1.53675e-39
8.54266e-43
4.17451e-46
1.79533e-49
6.78229e-53
2.26586e-56
6.71271e-60
0.286901
0.00439069
2.45107e-05
8.52906e-08
2.17667e-10
4.40317e-13
7.27726e-16
1.00921e-18
1.19289e-21
1.21456e-24
1.07309e-27
8.27116e-31
5.58348e-34
3.33161e-37
1.74661e-40
8.02423e-44
3.27385e-47
1.17924e-50
3.75448e-54
1.05962e-57
230.599
3.21016
0.0148876
4.35121e-05
9.52605e-08
1.6761e-10
2.47291e-13
3.07598e-16
3.29416e-19
3.0642e-22
2.49076e-25
1.77701e-28
1.11622e-31
6.1964e-35
3.03529e-38
1.31675e-41
5.07924e-45
1.73224e-48
5.24244e-52
1.41167e-55
141566
2087.67
8.28601
0.0198171
3.62815e-05
5.47664e-08
7.06179e-11
7.80906e-14
7.52212e-17
6.35352e-20
4.72671e-23
3.10723e-26
1.80896e-29
9.36623e-33
4.2942e-36
1.75036e-39
6.36421e-43
2.05804e-46
5.90553e-50
1.50491e-53
2.47865e+07
640956
3365.97
7.07755
0.0106768
1.35822e-05
1.50405e-08
1.4731e-11
1.26703e-14
9.66192e-18
6.54771e-21
3.95035e-24
2.12425e-27
1.01891e-30
4.36339e-34
1.67151e-37
5.7062e-41
1.74101e-44
4.74056e-48
1.15475e-51
6.72872e+07
3.74938e+07
451767
1269.78
1.71749
0.00186504
1.78989e-06
1.5355e-09
1.18634e-12
8.16652e-16
5.04039e-19
2.79044e-22
1.38588e-25
6.17487e-29
2.48187e-32
8.93866e-36
2.88135e-39
8.30396e-43
2.1439e-46
4.95781e-50
1.31798e+07
6.4246e+07
1.52405e+06
7442.66
11.4425
0.0127039
1.22776e-05
1.0579e-08
8.17802e-12
5.62933e-15
3.47353e-18
1.9221e-21
9.54014e-25
4.25594e-28
1.70793e-31
6.14388e-35
1.97766e-38
5.70327e-42
1.46832e-45
3.37385e-49
3.26863e+06
5.07747e+07
6.17832e+06
42377.4
75.2726
0.0847372
8.15278e-05
6.97999e-08
5.34925e-11
3.69061e-14
2.268e-17
1.24921e-20
6.16908e-24
2.73091e-27
1.08802e-30
3.88274e-34
1.23947e-37
3.5554e-41
9.12321e-45
2.09529e-48
1.79497e+06
3.72101e+07
1.09941e+07
106655
229.34
0.267004
0.000257841
2.22192e-07
1.69904e-10
1.1701e-13
7.17846e-17
3.94811e-20
1.94695e-23
8.60275e-27
3.42119e-30
1.21958e-33
3.89538e-37
1.11322e-40
2.84101e-44
6.50953e-48
1.37779e+06
3.14359e+07
1.4893e+07
182483
489.686
0.598299
0.000581196
4.9722e-07
3.79771e-10
2.61135e-13
1.59874e-16
8.81653e-20
4.33736e-23
1.9136e-26
7.57152e-30
2.68472e-33
8.53084e-37
2.42921e-40
6.19506e-44
1.41857e-47
1.09306e+06
2.64941e+07
1.94879e+07
286016
937.719
1.21222
0.00118729
1.01644e-06
7.75957e-10
5.33256e-13
3.26252e-16
1.78888e-19
8.79394e-23
3.87649e-26
1.53873e-29
5.45256e-33
1.73151e-36
4.9284e-40
1.25611e-43
2.87368e-47
869888
2.20807e+07
2.35805e+07
403269
1607.27
2.22677
0.00220479
1.88991e-06
1.4427e-09
9.8514e-13
6.05844e-16
3.32014e-19
1.63112e-22
7.18513e-26
2.8498e-29
1.0135e-32
3.22925e-36
9.21146e-40
2.35182e-43
5.37168e-47
694638
1.82282e+07
2.71371e+07
525466
2471.61
3.65844
0.00366521
3.1466e-06
2.40199e-09
1.63977e-12
1.0082e-15
5.52356e-19
2.71281e-22
1.1946e-25
4.71621e-29
1.66949e-32
5.31155e-36
1.51248e-39
3.84736e-43
8.79163e-47
537488
1.45111e+07
3.03877e+07
656484
3654.62
5.89716
0.00600605
5.17026e-06
3.94959e-09
2.6972e-12
1.65879e-15
9.0888e-19
4.46388e-22
1.96556e-25
7.76094e-29
2.74647e-32
8.74436e-36
2.49403e-39
6.34604e-43
1.44988e-46
412309
1.13317e+07
3.36824e+07
796366
5057.44
8.75532
0.0090365
7.77997e-06
5.93e-09
4.03928e-12
2.47826e-15
1.35512e-18
6.64474e-22
2.92226e-25
1.15282e-28
4.07598e-32
1.29687e-35
3.68292e-39
9.36914e-43
2.1404e-46
298464
8.32893e+06
3.6436e+07
935458
6843.64
13.11
0.0138689
1.2013e-05
9.18814e-09
6.27793e-12
3.86287e-15
2.1176e-18
1.04061e-21
4.58466e-25
1.81059e-28
6.43933e-32
2.05131e-35
5.85267e-39
1.49487e-42
3.41656e-46
186027
5.17577e+06
3.8554e+07
1.05665e+06
8642.17
17.8355
0.0191941
1.66587e-05
1.27328e-08
8.68991e-12
5.30938e-15
2.9222e-18
1.43393e-21
6.30824e-25
2.48793e-28
8.83236e-32
2.81027e-35
8.00979e-39
2.03651e-42
4.65005e-46
91686.2
2.5707e+06
3.91809e+07
1.38726e+06
12550.4
28.6394
0.0316881
2.7617e-05
2.11058e-08
1.43871e-11
8.77482e-15
4.8193e-18
2.35934e-21
1.0354e-24
4.07352e-28
1.43742e-31
4.56212e-35
1.292e-38
3.2774e-42
7.46914e-46
60076.6
1.86053e+06
3.27904e+07
2.20608e+06
21568.6
53.3021
0.0604694
5.29373e-05
4.04744e-08
2.75764e-11
1.68036e-14
9.21713e-18
4.50562e-21
1.974e-24
7.75501e-28
2.73042e-31
8.63121e-35
2.44978e-38
6.20107e-42
1.4105e-45
49703.9
1.63748e+06
3.07359e+07
2.9365e+06
30939.7
83.2603
0.0974192
8.5883e-05
6.58472e-08
4.4964e-11
2.74581e-14
1.50934e-17
7.39356e-21
3.24587e-24
1.27701e-27
4.50423e-31
1.42628e-34
4.05501e-38
1.03297e-41
2.33747e-45
44364.6
1.50102e+06
2.90657e+07
3.84708e+06
43134.8
125.906
0.152062
0.000134904
1.03581e-07
7.07669e-11
4.32235e-14
2.37583e-17
1.16367e-20
5.1077e-24
2.00953e-27
7.08855e-31
2.2508e-34
6.40407e-38
1.62824e-41
3.69223e-45
39942.2
1.37653e+06
2.74131e+07
4.94611e+06
58972.4
186.566
0.23303
0.000208217
1.60213e-07
1.09612e-10
6.70352e-14
3.68904e-17
1.80906e-20
7.9498e-24
3.13123e-27
1.10559e-30
3.51392e-34
9.96345e-38
2.53026e-41
5.77558e-45
35664.3
1.24994e+06
2.56505e+07
6.10579e+06
77504.3
265.699
0.343943
0.000309677
2.38794e-07
1.63573e-10
1.00132e-13
5.51432e-17
2.70582e-20
1.18959e-23
4.68673e-27
1.65459e-30
5.2349e-34
1.4901e-37
3.78299e-41
8.62999e-45
31441.9
1.12049e+06
2.37895e+07
7.31741e+06
98884.8
367.895
0.494691
0.000448878
3.46745e-07
2.37687e-10
1.45558e-13
8.01647e-17
3.9335e-20
1.72898e-23
6.80937e-27
2.40348e-30
7.5999e-34
2.16211e-37
5.48383e-41
1.24999e-44
27330.8
991149
2.18371e+07
8.61247e+06
124053
502.288
0.703545
0.000643523
4.97864e-07
3.41389e-10
2.09048e-13
1.15075e-16
5.64291e-20
2.4782e-23
9.74948e-27
3.43667e-30
1.08997e-33
3.09651e-37
7.874e-41
1.77624e-44
23492.4
866751
1.98269e+07
9.99128e+06
153541
677.658
0.991695
0.000914085
7.07677e-07
4.84931e-10
2.96591e-13
1.62988e-16
7.97768e-20
3.49628e-23
1.37236e-26
4.82584e-30
1.52234e-33
4.31955e-37
1.09183e-40
2.47869e-44
20050.4
752675
1.78533e+07
1.14287e+07
187385
905.983
1.38935
0.00128969
9.98408e-07
6.83205e-10
4.17112e-13
2.2873e-16
1.11719e-19
4.88543e-23
1.91338e-26
6.71353e-30
2.11939e-33
5.96484e-37
1.50995e-40
3.38995e-44
17001.7
649294
1.59233e+07
1.28841e+07
225537
1199.62
1.92833
0.00180269
1.39554e-06
9.53599e-10
5.81065e-13
3.16433e-16
1.54875e-19
6.75315e-23
2.6364e-26
9.21692e-30
2.90014e-33
8.12879e-37
2.04898e-40
4.57602e-44
14441.9
559886
1.4062e+07
1.44122e+07
269371
1571.69
2.65057
0.00249083
1.92352e-06
1.30878e-09
7.93452e-13
4.29665e-16
2.09024e-19
9.05699e-23
3.51301e-26
1.21967e-29
3.79337e-33
1.06147e-36
2.65801e-40
5.89961e-44
12540.4
493549
1.25194e+07
1.5808e+07
312866
1989.48
3.50088
0.0033111
2.5675e-06
1.76016e-09
1.07804e-12
5.89704e-16
2.88968e-19
1.2553e-22
4.85675e-26
1.67627e-29
5.18523e-33
1.42674e-36
3.52876e-40
7.7248e-44
11163.6
444263
1.1273e+07
1.70295e+07
355604
2457.27
6.02282
0.005724
4.44013e-06
3.04131e-09
1.8558e-12
1.0075e-15
4.88133e-19
2.08985e-22
7.94853e-26
2.68903e-29
8.14453e-33
2.18909e-36
5.25214e-40
1.131e-43
10610.8
422184
1.02212e+07
1.81171e+07
395761
2934.09
9.08543
0.00979489
7.2405e-06
4.78326e-09
2.84392e-12
1.51184e-15
7.16995e-19
2.99313e-22
1.10466e-25
3.61014e-29
1.05412e-32
2.73071e-36
6.32535e-40
1.31866e-43
11176.8
435371
1.01298e+07
1.83597e+07
408633
3086.26
10.5434
0.0126434
8.99317e-06
5.70279e-09
3.25824e-12
1.67035e-15
7.6758e-19
3.1191e-22
1.12509e-25
3.60672e-29
1.03555e-32
2.64153e-36
6.0627e-40
1.23465e-43
12755.1
480313
1.06372e+07
1.82264e+07
404742
3035.3
10.1951
0.0107933
7.4711e-06
4.63771e-09
2.6042e-12
1.31553e-15
5.97291e-19
2.40359e-22
8.6082e-26
2.74673e-29
7.8256e-33
2.0083e-36
4.60051e-40
9.52808e-44
15532
562016
1.17005e+07
1.78248e+07
391392
2876.67
7.62605
0.00666878
4.72816e-06
2.95135e-09
1.64693e-12
8.23732e-16
3.71692e-19
1.49776e-22
5.42456e-26
1.76645e-29
5.17473e-33
1.37031e-36
3.24322e-40
6.93043e-44
20864
709998
1.36964e+07
1.69083e+07
359856
2501.2
4.1116
0.00377118
2.79871e-06
1.81719e-09
1.04973e-12
5.41606e-16
2.51543e-19
1.03956e-22
3.84985e-26
1.27793e-29
3.82642e-33
1.02003e-36
2.43612e-40
5.24265e-44
29137
943646
1.69304e+07
1.52914e+07
305822
1915.15
2.93978
0.00269734
2.00361e-06
1.30154e-09
7.52893e-13
3.89281e-16
1.81338e-19
7.51142e-23
2.78606e-26
9.2571e-30
2.77084e-33
7.38069e-37
1.76075e-40
3.78403e-44
37229.9
1.18347e+06
2.03906e+07
1.39054e+07
255939
1377.47
2.00961
0.00185806
1.37894e-06
8.91962e-10
5.13782e-13
2.64729e-16
1.23073e-19
5.09003e-23
1.88721e-26
6.27533e-30
1.87267e-33
5.04983e-37
1.21381e-40
2.63649e-44
51835.1
1.54584e+06
2.51255e+07
1.2129e+07
198862
875.508
1.25532
0.001192
8.94273e-07
5.82901e-10
3.38958e-13
1.76766e-16
8.34678e-20
3.51511e-23
1.33169e-26
4.54176e-30
1.395e-33
3.88508e-37
9.6613e-41
2.17657e-44
64690.3
1.9243e+06
3.01313e+07
9.65665e+06
141558
568.825
0.853209
0.000873409
6.83098e-07
4.60869e-10
2.77884e-13
1.50617e-16
7.4085e-20
3.24911e-23
1.28125e-26
4.54237e-30
1.44885e-33
4.19238e-37
1.08375e-40
2.54379e-44
56484.9
1.81333e+06
3.01309e+07
8.93777e+06
125508
499.028
0.834607
0.000947
7.80784e-07
5.46088e-10
3.40974e-13
1.91674e-16
9.71468e-20
4.48207e-23
1.84963e-26
6.89466e-30
2.32897e-33
7.19092e-37
1.99476e-40
5.07722e-44
39705.8
1.35099e+06
2.56204e+07
9.4493e+06
134507
571.909
1.15946
0.00159472
1.44606e-06
1.07918e-09
7.19054e-13
4.33814e-16
2.38054e-19
1.20664e-22
5.55866e-26
2.35964e-29
9.29501e-33
3.41174e-36
1.15001e-39
3.47454e-43
22321.2
778303
1.78981e+07
1.1222e+07
174462
939.995
2.76507
0.0054031
6.24396e-06
5.79459e-09
4.8205e-12
3.62544e-15
2.45527e-18
1.51709e-21
8.34718e-25
4.14326e-28
1.85275e-31
7.54996e-35
2.75919e-38
8.77822e-42
14023.4
523729
1.3253e+07
1.97576e+07
536286
7201.55
34.1449
0.102983
0.000151905
1.63799e-07
1.51906e-10
1.23402e-13
8.78909e-17
5.5989e-20
3.1332e-23
1.56833e-26
7.10301e-30
2.87095e-33
1.04352e-36
3.24987e-40
6524.64
259485
6.60065e+06
3.86854e+07
2.20097e+06
57696.4
714.134
2.94524
0.00563742
7.45159e-06
8.03234e-09
7.14249e-12
5.2502e-15
3.2747e-18
1.72145e-21
7.84298e-25
3.1671e-28
1.14323e-31
3.6086e-35
9.92324e-39
2213.98
91355.4
2.1843e+06
3.97874e+07
1.07571e+07
373297
7338.14
79.1019
0.359459
0.000463742
4.31475e-07
3.38376e-10
2.21934e-13
1.2324e-16
5.72637e-20
2.27602e-23
7.89757e-27
2.41672e-30
6.49292e-34
1.516e-37
680.709
30490.3
774112
1.54437e+07
2.16431e+07
913982
23848.5
395.628
3.02077
0.00953058
6.62618e-06
4.12208e-09
2.33333e-12
1.15704e-15
4.94122e-19
1.81987e-22
5.75397e-26
1.58456e-29
3.73111e-33
7.73155e-37
217.757
10772.4
302653
6.62594e+06
2.68913e+07
1.66729e+06
50636.9
912.967
7.90621
0.0307275
3.15754e-05
1.61546e-08
7.556e-12
3.23153e-15
1.21265e-18
3.96965e-22
1.12677e-25
2.77297e-29
5.93484e-33
1.12052e-36
61.0157
3096.5
91654.8
1.755e+06
2.50727e+07
2.79487e+06
69652.4
1116.21
8.97231
0.0345464
3.80126e-05
1.69507e-08
6.97202e-12
2.65481e-15
9.05853e-19
2.74414e-22
7.29379e-26
1.69079e-29
3.45147e-33
6.14774e-37
219.067
1231.68
29339.1
600917
1.25729e+07
2.81806e+06
53647.3
757.274
5.59972
0.0197421
1.68573e-05
6.76857e-09
2.52901e-12
8.86172e-16
2.83043e-19
8.18319e-23
2.10803e-26
4.78973e-30
9.5672e-34
1.6931e-37
63805.7
2030.91
17727.1
419854
1.03867e+07
1.96205e+06
31155
360.922
2.24905
0.00654028
3.27761e-06
1.5016e-09
6.16138e-13
2.29204e-16
7.5604e-20
2.21507e-23
5.72115e-27
1.29684e-30
2.57738e-34
4.43232e-38
1.90497e+07
167640
21206.1
520400
1.29831e+07
1.15152e+06
16183.9
158.619
0.823689
0.00171838
8.44066e-07
3.88412e-10
1.59406e-13
5.86908e-17
1.94414e-20
5.59993e-24
1.41379e-27
3.12224e-31
6.03353e-35
1.00748e-38
2.14621e+07
276605
52360.9
1.23812e+06
2.26832e+07
616863
8498.81
73.1734
0.302749
0.000298497
1.53795e-07
7.11636e-11
2.99284e-14
1.1305e-17
3.82409e-21
1.11253e-24
2.81524e-28
6.19877e-32
1.19023e-35
1.96659e-39
2.15806e+07
342813
201533
4.32353e+06
1.67859e+07
409625
4988.16
33.5012
0.0863477
5.24185e-05
2.90115e-08
1.36245e-11
5.70013e-15
2.11656e-18
6.91795e-22
2.00703e-25
4.98451e-29
1.0788e-32
2.03948e-36
3.31939e-40
2.15223e+07
397249
462928
9.05379e+06
1.34113e+07
283994
2742.25
12.0743
0.01101
8.04768e-06
4.619e-09
2.24546e-12
9.53636e-16
3.53835e-19
1.14268e-22
3.21424e-26
7.99991e-30
1.70242e-33
3.16727e-37
5.07743e-41
2.14288e+07
453010
886880
1.5779e+07
1.04395e+07
181353
1061.86
2.07794
0.00157144
1.15054e-06
6.45817e-10
3.16574e-13
1.35749e-16
5.06666e-20
1.63796e-23
4.5935e-27
1.14082e-30
2.4206e-34
4.50256e-38
7.22432e-42
2.13054e+07
530356
1.71405e+06
2.6095e+07
4.98622e+06
69908.2
229.341
0.273145
0.00021733
1.57826e-07
8.99389e-11
4.46222e-14
1.929e-17
7.25101e-21
2.36512e-24
6.70482e-28
1.65816e-31
3.66122e-35
6.94339e-39
1.14062e-42
2.11749e+07
643301
3.04185e+06
4.03053e+07
1.77786e+06
20710
50.1688
0.0541479
4.70781e-05
3.08461e-08
1.70723e-11
8.27264e-15
3.5148e-18
1.30769e-21
4.26073e-25
1.21702e-28
3.05928e-32
6.7997e-36
1.3702e-39
2.34577e-43
2.11068e+07
945388
7.14787e+06
2.76509e+07
765058
6634.67
12.8049
0.0132158
1.14554e-05
7.54001e-09
4.21748e-12
2.04841e-15
8.6942e-19
3.23769e-22
1.06231e-25
3.08418e-29
7.95672e-33
1.83111e-36
3.86577e-40
6.93444e-44
2.10908e+07
1.63703e+06
1.70707e+07
1.72637e+07
382735
2479.73
4.01519
0.00452237
3.73823e-06
2.50595e-09
1.44166e-12
7.1819e-16
3.11339e-19
1.18253e-22
3.95697e-26
1.17452e-29
3.10672e-33
7.35977e-37
1.56182e-40
3.06257e-44
2.10609e+07
2.32338e+06
2.56382e+07
1.29369e+07
232532
1144.06
1.81364
0.00192744
1.57868e-06
1.08733e-09
6.47507e-13
3.34493e-16
1.49767e-19
5.8306e-23
1.9844e-26
5.96049e-30
1.59383e-33
3.82939e-37
9.0618e-41
4.31077e-44
2.10194e+07
3.15598e+06
3.45186e+07
9.80982e+06
144830
523.041
0.798952
0.000846858
7.52722e-07
5.7822e-10
3.68904e-13
2.04099e-16
9.6879e-20
3.94248e-23
1.38308e-26
4.2345e-30
1.16064e-33
5.44108e-37
2.09346e-39
4.41763e-42
2.10129e+07
4.124e+06
4.50204e+07
4.47965e+06
58375.7
204.569
0.308626
0.000354937
3.31687e-07
2.8478e-10
2.03744e-13
1.2683e-16
6.69449e-20
2.97468e-23
1.11438e-26
3.58765e-30
3.5544e-33
6.21912e-35
4.55152e-37
8.80829e-40
2.10459e+07
5.20178e+06
5.34756e+07
1.94067e+06
22215.4
75.2671
0.119107
0.000153947
1.63828e-07
1.62562e-10
1.35305e-13
9.8281e-17
6.0019e-20
3.015e-23
1.25353e-26
7.20465e-30
5.26017e-31
1.30496e-32
9.23908e-35
1.54438e-37
2.11706e+07
7.58523e+06
3.05184e+07
976454
9472.25
29.2598
0.0503651
7.14315e-05
8.87993e-08
1.07955e-10
1.1151e-13
9.82178e-17
7.23804e-20
4.4532e-23
2.33599e-26
4.69255e-28
9.3926e-29
2.47163e-30
1.69583e-32
2.29415e-35
2.14413e+07
1.24778e+07
2.0479e+07
571775
4862.16
14.6559
0.0279054
4.60445e-05
6.82959e-08
9.5097e-11
1.25283e-13
1.38734e-16
1.35713e-19
1.1142e-22
1.64111e-25
6.27826e-26
1.50054e-26
4.14342e-28
2.55582e-30
2.60658e-33
2.16896e+07
1.63463e+07
1.70179e+07
417290
3335.67
9.80878
0.0202522
3.72621e-05
6.45591e-08
1.0261e-10
1.71716e-13
2.61874e-16
3.61202e-19
5.48571e-22
8.81478e-24
6.07789e-24
1.56007e-24
3.80918e-26
2.41899e-28
2.20232e-31
2.18878e+07
1.93579e+07
1.37158e+07
302097
2291.89
7.13177
0.0166969
3.56327e-05
6.92333e-08
1.35009e-10
2.98352e-13
6.28937e-16
1.61457e-18
1.77545e-20
6.82181e-22
4.43509e-22
9.97306e-23
2.36811e-24
1.66442e-26
1.43816e-29
2.19757e+07
2.02902e+07
1.09831e+07
241741
1805.76
6.25042
0.0162193
3.79136e-05
8.67531e-08
2.10825e-10
5.71048e-13
2.35269e-15
3.8881e-17
1.42708e-18
4.99728e-20
2.26552e-20
4.7854e-21
1.1417e-22
9.06281e-25
7.7499e-28
2.1934e+07
1.92837e+07
1.01945e+07
223025
1713.76
6.28281
0.0175807
4.71786e-05
1.28088e-07
3.85421e-10
1.87177e-12
4.33498e-14
2.24478e-15
1.00095e-16
3.27617e-18
9.26144e-19
1.88088e-19
4.59799e-21
4.12167e-23
3.61381e-26
2.18537e+07
1.55582e+07
9.8365e+06
220276
1782.54
7.13123
0.0230898
7.39149e-05
2.58803e-07
2.04196e-09
4.66889e-11
1.8541e-12
1.21445e-13
5.5197e-15
1.84327e-16
3.3381e-17
6.44519e-18
1.6258e-19
1.63012e-21
1.52066e-24
2.17221e+07
1.25953e+07
1.0065e+07
234073
2150.73
10.5194
0.0448513
0.000242902
2.50172e-06
9.31459e-08
2.60798e-09
8.6776e-11
4.82863e-12
2.42668e-13
8.54098e-15
1.10947e-15
1.98129e-16
5.21318e-18
5.79896e-20
6.01225e-23
2.16093e+07
1.06007e+07
1.40367e+07
439749
5227.18
41.0373
0.369688
0.00540697
0.000112298
4.36856e-06
8.34238e-08
3.45817e-09
1.63618e-10
9.21553e-12
3.28165e-13
3.4348e-14
5.53293e-15
1.54763e-16
1.90797e-18
2.31752e-21
2.14769e+07
6.75004e+06
2.13221e+07
1.44277e+06
46435.2
783.55
12.0081
0.24805
0.00602288
0.000204745
3.87179e-06
1.103e-07
6.13712e-09
2.82046e-10
1.06855e-11
9.79182e-13
1.42122e-13
4.30636e-15
5.93238e-17
8.96695e-20
2.17819e+07
3.59011e+06
3.74976e+07
7.54642e+06
454484
17905.5
491.973
11.1405
0.286237
0.0070659
0.00017685
4.74141e-06
1.78873e-07
8.10235e-09
3.2057e-10
2.54711e-11
3.37848e-12
1.12694e-13
1.76444e-15
3.53675e-18
2.20132e+07
2.56928e+06
1.14142e+07
2.0915e+07
2.41827e+06
178464
9745.33
416.394
13.3158
0.311675
0.00946845
0.000217029
6.65585e-06
2.51073e-07
9.26771e-09
6.00432e-10
7.45186e-11
2.76455e-12
5.01948e-14
1.41767e-16
2.19049e+07
1.9529e+06
4.69878e+06
4.00915e+07
1.21667e+07
1.20183e+06
98074
6328.01
322.949
12.8592
0.284668
0.0113358
0.000272087
8.30587e-06
2.26025e-07
1.25775e-08
1.54061e-09
6.36148e-11
1.35671e-12
5.68743e-15
2.13561e+07
1.9013e+06
1.69176e+06
1.04054e+07
2.99187e+07
5.85172e+06
651750
56660.8
3841.63
212.744
7.00056
0.315501
0.00877105
0.000197668
4.29888e-06
2.34728e-07
3.03919e-08
1.39657e-09
3.4974e-11
2.26655e-13
2.13047e+07
1.62891e+06
520205
3.18578e+06
1.42176e+07
2.10986e+07
3.56006e+06
369503
30746.8
2021.06
90.3899
2.61672
0.119283
0.00326949
7.18299e-05
4.1971e-06
5.80207e-07
3.04534e-08
8.93882e-10
9.02035e-12
2.13218e+07
1.44062e+06
177494
767729
3.95746e+06
1.67703e+07
1.53584e+07
2.11965e+06
194991
14629.4
795.477
27.6653
1.27805
0.0431009
0.00111597
7.86488e-05
9.21322e-06
4.89152e-07
1.63366e-08
3.08561e-10
2.13311e+07
1.26753e+06
93488.5
137991
939883
4.44136e+06
1.79202e+07
1.06133e+07
1.13479e+06
92020.1
5748.89
237.791
12.5444
0.456898
0.0137521
0.00129979
0.000104544
5.9517e-06
2.42497e-07
6.51215e-09
2.1341e+07
1.14775e+06
63826.2
26452.8
158717
1.13935e+06
4.61497e+06
1.70557e+07
6.4844e+06
615595
38055.3
1635.03
92.4689
3.91862
0.135536
0.0152689
0.0014539
9.35826e-05
4.24811e-06
1.25229e-07
2.23824e+07
1.14101e+06
66527.8
8381.76
26081
189576
1.23854e+06
4.38238e+06
1.70654e+07
2.95803e+06
208697
9707.42
589.344
28.129
1.19216
0.16893
0.0192507
0.00135104
6.57758e-05
2.19614e-06
1.67318e+07
3.78086e+06
184940
11681
4959.47
30750.8
206040
1.18636e+06
4.02716e+06
8.33873e+06
776335
38394.3
2618.57
166.196
11.0819
2.30924
0.259665
0.0186054
0.000934434
3.3769e-05
1.15925e+07
6.23967e+06
280877
15760.8
1699.22
4935.65
33185.4
223067
1.27835e+06
1.15312e+07
3.34079e+06
177040
14239.2
1282.23
166.355
35.877
3.57026
0.250998
0.0124116
0.000459919
9.75259e+06
6.22819e+06
267038
11457.8
902.8
828.576
5245.48
36586.6
304491
3.42579e+06
8.67546e+06
796288
81690.3
14901.2
3564.92
584.978
51.0335
3.17874
0.143723
0.00508068
9.19426e+06
5.4206e+06
224098
8700.47
549.808
157.59
816.42
6116.38
60939.4
964121
8.5239e+06
5.27143e+06
910041
251313
55930.5
7879.93
628.448
31.683
1.13006
0.0319482
9.93073e+06
3.9955e+06
158074
6431.13
379.971
43.1654
126.748
1032.03
11576.8
186203
1.89558e+06
7.59715e+06
6.90167e+06
4.65991e+06
716766
43872.4
1970.15
66.7513
1.88545
0.0473049
1.26804e+07
2.0227e+06
85746.9
3231.65
141.177
13.0299
20.0719
174.513
2093.34
30696.7
353619
1.37221e+06
1.15431e+06
9.17183e+06
848383
47234.6
2009.05
65.3438
1.79435
0.0437336
2.24247e+07
962071
43906.8
1774.64
73.5566
4.75128
3.30044
29.7969
371.533
4994.98
52538.9
224434
1.18239e+06
1.15082e+07
819852
38300.2
1319.26
36.9184
0.897351
0.0196729
2.13349e+07
850241
32138.5
1074.32
36.5122
1.6755
0.506628
5.02375
64.5619
786.323
7552.4
85760.3
3.95403e+06
7.26005e+06
326675
11800.9
343.361
8.66911
0.197462
0.00416377
2.12589e+07
786297
25566.7
731.313
20.0907
0.660646
0.128302
0.960026
14.3021
315.551
11989.4
669225
2.85663e+07
1.72524e+06
67633.3
2114.58
57.0093
1.36702
0.0299532
0.000613963
2.1127e+07
770069
24084.8
648.843
15.4068
0.394302
0.122969
1.68282
34.6416
1078.61
54920.9
3.70476e+06
7.02448e+06
270054
8907.26
260.118
6.8295
0.161738
0.00353898
7.31092e-05
2.10233e+07
761011
23320.1
609.686
14.5566
0.461855
2.17515
40.2622
849.801
20085.5
518587
1.28978e+07
1.1429e+06
35442.5
1115.52
33.0687
0.888231
0.0215525
0.000483156
1.02333e-05
2.09765e+07
760579
23230.7
603.755
14.4472
1.34876
20.3181
453.236
12083.6
341191
6.65283e+06
1.06765e+07
228949
7189.93
216.196
6.34477
0.170221
0.0041619
9.43817e-05
2.02691e-06
2.10249e+07
772228
23857.5
644.451
15.7049
5.17807
74.5899
1215.45
23014.5
517663
9.83013e+06
1.44617e+06
45769.6
1444.83
49.9905
1.54971
0.0429216
0.00108396
2.54649e-05
5.69337e-07
2.32646e+07
967069
31976.9
883.391
21.7831
10.2
175.903
3333.87
70867.9
1.19393e+06
1.12089e+07
385716
12235.7
487.339
18.6843
0.635151
0.0194488
0.000549828
1.45165e-05
3.65479e-07
1.99164e+07
2.86873e+06
87185.1
2190.66
49.6458
7.95092
126.987
2401.14
51269.8
1.03963e+06
3.82898e+06
191800
9005.48
445.701
19.6634
0.739605
0.0243487
0.000721743
1.94727e-05
4.90842e-07
1.37014e+07
5.53501e+06
176814
4835.85
116.938
5.05821
45.7577
916.213
24272.9
953911
4.30631e+06
248736
12850.9
641.92
26.6745
0.92038
0.0279151
0.000766672
1.92231e-05
4.50258e-07
9.266e+06
7.16887e+06
236394
6808.22
174.566
4.97154
20.5632
631.651
24311.6
1.10581e+06
3.95724e+06
231956
11540.9
524.96
19.3752
0.602158
0.0165346
0.000409883
9.25485e-06
1.94772e-07
7.3214e+06
7.89261e+06
264647
7840.03
207.541
6.08633
42.4546
1625.73
69315.1
2.7782e+06
2.02354e+06
102852
4522.3
168.813
5.38183
0.153078
0.00396864
9.43636e-05
2.06579e-06
4.23912e-08
6.4451e+06
8.1779e+06
276325
8309.74
224.257
13.8339
324.533
13675.5
624931
9.3871e+06
542967
24858.2
1023.52
35.0219
1.04834
0.0284434
0.000707377
1.61787e-05
3.41471e-07
6.75259e-09
5.72929e+06
8.32977e+06
282118
8549.52
235.33
80.3142
2557.13
99053.2
4.30326e+06
2.30925e+06
103096
4432
165.602
5.312
0.153169
0.00403591
9.75598e-05
2.16824e-06
4.44357e-08
8.50799e-10
5.16436e+06
8.44125e+06
285800
8677.09
271.82
925.427
30359.2
1.09073e+06
9.65358e+06
410275
17221
680.274
23.186
0.700731
0.019365
0.000491401
1.15054e-05
2.47798e-07
4.91864e-09
9.10447e-11
4.66951e+06
8.738e+06
295350
8971.98
526.999
7200.4
204735
6.28784e+06
1.71971e+06
64454.5
2593.24
93.0582
2.94786
0.0849327
0.00226316
5.56719e-05
1.26477e-06
2.63552e-08
5.0612e-10
9.05219e-12
2.70654e+06
9.54389e+06
321961
9909.53
2794.23
71748.9
1.81429e+06
8.38786e+06
294245
11017.4
405.849
13.216
0.390513
0.0106802
0.000272729
6.46745e-06
1.4118e-07
2.81245e-09
5.16466e-11
8.83683e-13
799760
1.09599e+07
377222
12344.4
11478.8
294203
7.76038e+06
1.48781e+06
49755
1829.08
61.4876
1.85032
0.0514549
0.00133897
3.27252e-05
7.4122e-07
1.53685e-08
2.90878e-10
5.06023e-12
8.26281e-14
356322
8.2634e+06
867914
28326.9
71418.2
1.85367e+06
7.02401e+06
245965
8709.63
304.56
9.38891
0.263164
0.00691702
0.000171861
3.99627e-06
8.52207e-08
1.65573e-09
2.92161e-11
4.96879e-13
7.72818e-15
191704
4.82926e+06
2.34072e+06
78234.3
290319
6.84762e+06
1.22564e+06
41779.7
1481.73
47.702
1.35515
0.0356179
0.000886116
2.08266e-05
4.53566e-07
8.93839e-09
1.60803e-10
2.79587e-12
4.36523e-14
6.18588e-16
84348.8
2.3535e+06
3.50908e+06
234702
2.31887e+06
4.61914e+06
180954
6459.97
221.682
6.58124
0.17455
0.00433766
0.000101922
2.24136e-06
4.47466e-08
8.83555e-10
1.57313e-11
2.43786e-13
3.40692e-15
4.39995e-17
20191.1
532769
5.50787e+06
1.39183e+06
8.51484e+06
680009
24911.8
894.28
28.2153
0.771662
0.019245
0.000452314
9.84086e-06
1.99373e-07
4.13634e-09
7.59701e-11
1.18007e-12
1.66829e-14
2.14095e-16
2.58625e-18
3846.57
103711
1.62616e+06
5.43416e+06
1.26833e+06
77312.3
2936.63
101.48
2.92724
0.07483
0.00176682
3.83957e-05
8.85959e-07
1.82729e-08
3.16327e-10
4.89494e-12
6.90388e-14
8.83404e-16
1.10346e-17
1.16135e-19
589.832
16217.4
225481
784373
131019
7601.48
294.571
9.39713
0.251277
0.00607245
0.000132493
3.20846e-06
6.61161e-08
1.10272e-09
1.68929e-11
2.38005e-13
3.04336e-15
3.63721e-17
3.76773e-19
3.49479e-21
72.7942
2017.18
23642.3
75207
12126.3
661.676
24.6317
0.724922
0.0182264
0.000404885
1.0421e-05
2.14629e-07
3.51047e-09
5.25857e-11
7.16139e-13
9.0216e-15
1.03335e-16
1.24716e-18
1.13564e-20
9.16668e-23
7.88321
222.971
2354.03
6843.9
1008.38
50.9954
1.75348
0.0480113
0.00110318
3.08648e-05
6.48291e-07
1.18163e-08
1.68775e-10
2.21122e-12
3.28321e-14
4.15759e-16
4.449e-18
3.78094e-20
2.88831e-22
1.9544e-24
0.791614
22.8476
223.836
589.213
74.9566
3.46418
0.109316
0.00269958
8.33173e-05
1.94395e-06
3.80918e-08
7.31493e-10
1.05425e-11
1.31357e-13
1.54986e-15
1.69528e-17
1.58759e-19
1.11338e-21
6.93455e-24
3.80354e-26
0.0751219
2.21187
20.3379
47.3642
5.0892
0.210793
0.00607679
0.000208878
6.05885e-06
1.30281e-07
2.50867e-09
3.10834e-11
4.8264e-13
4.93483e-15
5.64138e-17
5.00388e-19
4.35066e-21
2.53813e-23
1.29303e-25
5.64065e-28
0.00669225
0.200603
1.76301
3.472
0.317366
0.0116396
0.000300163
1.35511e-05
3.24793e-07
6.17365e-09
8.88767e-11
1.38554e-12
1.28835e-14
1.09533e-16
1.0447e-18
1.16178e-20
6.74802e-23
3.8131e-25
1.59529e-27
5.16396e-30
0.000572657
0.017669
0.145274
0.230437
0.0183542
0.000570649
2.37186e-05
7.13686e-07
1.11061e-08
2.33313e-10
3.77202e-12
5.21391e-14
3.83187e-16
3.01694e-18
2.70998e-20
2.34632e-22
1.16175e-24
5.93898e-27
1.51168e-29
2.90491e-32
4.8814e-05
0.00150947
0.0114662
0.0141507
0.000984447
4.69015e-05
1.56125e-06
2.56293e-08
6.1944e-10
1.1249e-11
1.47372e-13
1.5017e-15
7.27497e-18
4.90604e-20
5.25357e-22
3.82829e-24
1.59267e-26
6.39959e-29
7.30223e-32
5.77841e-35
4.19276e-06
0.000126279
0.00086534
0.000823064
4.73583e-05
3.26915e-06
6.40423e-08
1.01849e-09
2.88324e-11
4.74114e-13
2.7012e-15
3.93069e-17
1.70824e-19
5.56341e-22
8.99266e-24
3.10024e-26
1.12757e-28
5.84105e-31
4.33094e-34
1.39071e-37
3.53801e-07
1.03246e-05
6.20291e-05
4.57412e-05
4.24416e-06
1.46777e-07
2.32121e-09
6.69607e-11
1.3528e-12
1.0341e-14
9.30527e-17
5.69766e-19
2.27359e-21
6.35082e-24
1.50687e-25
5.03818e-28
1.42564e-30
5.26454e-33
2.79487e-36
4.46808e-40
2.86107e-08
8.19793e-07
4.24172e-06
2.36096e-06
3.15398e-07
5.83956e-09
1.63023e-10
4.10733e-12
4.64193e-14
2.30453e-16
3.1444e-18
8.66564e-21
2.71621e-23
8.01828e-26
1.91389e-27
7.02366e-30
1.55161e-32
4.71562e-35
1.98461e-38
2.66719e-42
2.24442e-09
6.37412e-08
2.83083e-07
2.33106e-07
1.4807e-08
4.53588e-10
9.02343e-12
2.31275e-13
1.22006e-15
5.54644e-18
9.85045e-20
2.71557e-22
6.80416e-25
1.76998e-27
3.04626e-29
1.10921e-31
2.26038e-34
3.42865e-37
1.11245e-40
1.48979e-44
1.80233e-10
4.95105e-09
1.88241e-08
2.08321e-08
1.35096e-09
3.05094e-11
7.29576e-13
7.49662e-15
3.36778e-17
1.2773e-19
1.66513e-21
4.48713e-24
9.40424e-27
2.11441e-29
2.50057e-31
8.55021e-34
1.56943e-36
1.66872e-39
4.98636e-43
6.91862e-47
1.54502e-11
3.85954e-10
1.18504e-09
1.73618e-09
1.24998e-10
2.7529e-12
3.98771e-14
2.63547e-16
1.00449e-18
3.16961e-21
2.86994e-23
7.52407e-26
1.38683e-28
2.68164e-31
2.09623e-33
6.36696e-36
1.06744e-38
1.00596e-41
2.81638e-45
4.24756e-49
1.41311e-12
3.12021e-11
1.39532e-10
1.01233e-10
1.17754e-11
1.83386e-13
1.75098e-15
9.8877e-18
3.27041e-20
8.66329e-23
5.18806e-25
1.28441e-27
2.15031e-30
3.60054e-33
1.81919e-35
4.69925e-38
7.21596e-41
6.05073e-44
1.49639e-47
2.22873e-51
1.1847e-13
2.68952e-12
1.64692e-11
1.20254e-11
9.71354e-13
9.68222e-15
7.94591e-17
3.98479e-19
1.17035e-21
2.65087e-24
1.02254e-26
2.28248e-29
3.47374e-32
5.06268e-35
1.66287e-37
3.53273e-40
4.53328e-43
3.08631e-46
7.8337e-50
1.21275e-53
1.0244e-14
2.31295e-13
1.09196e-12
1.5274e-12
5.36466e-14
5.22259e-16
3.85363e-18
1.69221e-20
4.60083e-23
9.20127e-26
2.32639e-28
4.39135e-31
5.93466e-34
7.46785e-37
1.63122e-39
2.75888e-42
2.90116e-45
1.6571e-48
4.19074e-52
5.71716e-56
9.14851e-16
2.03049e-14
1.44207e-13
1.26672e-13
3.11018e-15
2.94307e-17
1.98763e-19
7.82369e-22
1.99137e-24
3.62933e-27
6.49652e-30
9.71688e-33
1.11969e-35
1.18455e-38
1.76071e-41
2.29635e-44
1.9424e-47
9.48733e-51
2.43527e-54
3.15493e-58
1.24413e-16
3.50991e-15
1.6002e-14
8.33581e-15
1.94472e-16
1.7629e-18
1.10953e-20
3.98848e-23
9.55483e-26
1.62154e-28
2.28984e-31
2.6748e-34
2.50674e-37
2.13854e-40
2.18369e-43
2.11453e-46
1.41031e-49
5.88147e-53
1.47199e-56
2.13556e-60
2.2341e-17
5.95518e-16
2.05816e-15
5.64376e-16
1.30853e-17
1.13195e-19
6.73199e-22
2.24932e-24
5.11509e-27
8.21191e-30
1.00459e-32
9.64667e-36
7.3487e-39
4.89068e-42
3.39223e-45
2.30965e-48
1.18515e-51
4.17394e-55
9.58064e-59
1.30966e-62
3.01348e-18
6.25814e-17
2.77215e-16
3.85756e-17
9.29019e-19
7.76413e-21
4.43827e-23
1.4003e-25
3.04909e-28
4.70155e-31
5.30487e-34
4.51991e-37
3.03238e-40
1.64261e-43
7.93615e-47
3.60534e-50
1.35454e-53
3.9046e-57
1.03733e-60
4.86438e-62
6.83391e-19
1.23516e-17
3.03114e-17
2.85163e-18
6.98037e-20
5.70285e-22
3.20064e-24
9.73155e-27
2.04235e-29
3.053e-32
3.38226e-35
2.77838e-38
1.693e-41
8.16979e-45
3.23789e-48
1.09404e-51
3.08929e-55
1.20127e-58
2.11494e-59
3.66543e-60
1.56421e-19
2.07486e-18
2.59761e-18
2.3055e-19
5.64355e-21
4.58931e-23
2.55175e-25
7.63344e-28
1.57331e-30
2.30637e-33
2.4833e-36
1.99373e-39
1.20721e-42
5.67559e-46
2.13031e-49
6.56537e-53
2.33289e-56
4.35059e-57
1.68308e-57
2.82007e-58
2.38569e-20
2.37366e-19
2.43087e-19
2.05445e-20
5.08298e-22
4.26832e-24
2.26861e-26
6.73518e-29
1.40004e-31
2.08206e-34
2.26703e-37
1.84648e-40
1.14069e-43
5.44902e-47
2.06539e-50
7.0635e-54
5.31251e-55
3.44276e-55
1.33706e-55
2.16883e-56
3.62359e-21
5.33986e-20
2.83726e-20
2.15154e-21
4.70299e-23
4.02207e-25
2.22464e-27
7.2681e-30
1.50188e-32
2.30787e-35
2.64447e-38
2.28057e-41
1.49416e-44
7.53299e-48
3.01635e-51
4.70876e-53
4.32465e-53
2.70417e-53
1.05319e-53
1.65138e-54
9.52556e-22
9.32469e-21
3.20383e-21
2.37123e-22
4.90488e-24
4.25914e-26
2.30251e-28
8.58539e-31
1.92562e-33
3.21582e-36
4.07021e-39
3.92814e-42
2.89261e-45
1.63171e-48
3.26511e-51
3.29713e-51
3.21352e-51
2.12744e-51
8.34131e-52
1.24446e-52
1.813e-22
1.51977e-21
3.91926e-22
2.67361e-23
5.50381e-25
5.04541e-27
2.79475e-29
1.17575e-31
3.04137e-34
5.90949e-37
8.79115e-40
1.01039e-42
8.91729e-46
6.82846e-49
1.31599e-49
2.12259e-49
2.24675e-49
1.6449e-49
6.6821e-50
9.36503e-51
4.96209e-23
2.8471e-22
5.87397e-23
3.95805e-24
8.41584e-26
6.98696e-28
4.02925e-30
1.86776e-32
6.08288e-35
1.38012e-37
2.43689e-40
3.34207e-43
3.54432e-46
2.75347e-48
5.8868e-48
1.1284e-47
1.38633e-47
1.20111e-47
5.26026e-48
7.11363e-49
9.61954e-24
7.17757e-23
1.3655e-23
8.66646e-25
1.15301e-26
1.00162e-28
6.22627e-31
2.99646e-33
1.15701e-35
3.14903e-38
6.82971e-41
1.20922e-43
2.47168e-46
6.89211e-47
2.0031e-46
4.45116e-46
7.17235e-46
7.73761e-46
4.0157e-46
6.0893e-47
1.94547e-24
1.52596e-23
2.90795e-24
2.31902e-25
4.3844e-27
4.22943e-29
2.56795e-31
1.32156e-33
5.95788e-36
2.19469e-38
7.9635e-41
6.20127e-43
1.13855e-44
1.64842e-45
5.13989e-45
1.35559e-44
2.64567e-44
3.58495e-44
2.26556e-44
4.24494e-45
4.13114e-25
3.7693e-24
8.16486e-25
8.87418e-26
3.71518e-27
7.94196e-29
1.441e-30
2.00371e-32
2.14231e-34
1.15857e-36
7.40708e-39
9.47626e-41
1.95941e-42
8.65555e-44
7.73114e-44
3.00222e-43
6.94924e-43
1.09407e-42
8.85517e-43
1.75563e-43
7.55136e-26
8.3467e-25
2.42153e-25
3.95536e-26
4.09203e-27
2.4653e-28
9.96462e-30
3.40009e-31
1.45676e-32
2.97022e-34
1.62756e-36
2.20891e-38
4.05139e-40
9.73323e-42
1.21851e-42
4.20338e-42
1.32608e-41
2.46433e-41
2.56587e-41
7.27773e-42
7.90632e-27
1.68435e-25
6.6667e-26
1.60215e-26
2.96758e-27
3.91766e-28
3.14475e-29
2.14286e-30
1.14518e-31
9.35542e-33
3.38158e-34
6.01583e-36
7.95021e-38
2.12903e-39
5.90249e-41
3.41438e-41
1.75324e-40
4.37026e-40
5.5899e-40
2.41327e-40
3.3427e-28
2.05327e-26
1.47818e-26
4.97066e-27
1.33154e-27
2.87623e-28
5.44249e-29
6.57725e-30
5.95659e-31
4.95319e-32
4.53158e-33
4.38547e-34
2.03207e-35
4.78891e-37
8.91527e-39
4.96342e-40
1.38767e-39
5.63414e-39
9.72499e-39
6.57862e-39
1.55981e-29
1.08827e-27
1.98285e-27
1.12933e-27
3.82945e-28
1.17919e-28
3.16102e-29
7.56996e-30
1.13887e-30
1.5752e-31
1.99321e-32
1.86732e-33
2.70506e-34
2.55412e-35
1.3638e-36
4.80331e-38
6.26907e-39
5.45812e-38
1.39697e-37
1.52469e-37
7.24414e-31
2.87213e-29
1.19732e-28
1.47923e-28
8.65446e-29
3.11075e-29
1.12059e-29
3.47747e-30
9.08065e-31
2.28989e-31
3.96679e-32
6.5165e-33
9.08394e-34
1.95256e-34
2.89781e-35
2.19871e-36
1.55276e-37
3.34216e-37
2.01048e-36
4.4096e-36
2.39302e-32
9.88287e-31
3.52355e-30
7.28158e-30
8.4235e-30
5.61784e-30
2.78928e-30
1.10697e-30
3.43224e-31
1.19751e-31
3.51786e-32
9.14257e-33
2.44484e-33
3.62657e-34
8.90313e-35
1.09619e-35
1.50067e-36
6.50309e-37
7.52085e-35
6.57791e-34
1.38791e-34
1.12383e-32
1.01567e-31
2.63796e-31
3.51978e-31
3.1728e-31
2.38455e-31
1.65036e-31
8.78117e-32
4.12934e-32
1.63262e-32
4.99344e-33
1.48742e-33
3.29813e-34
8.19723e-35
1.74703e-35
2.64048e-36
8.20365e-35
3.37906e-32
1.35657e-30
2.10015e-37
1.13236e-35
1.52349e-34
2.66561e-33
1.02201e-32
1.55744e-32
1.76451e-32
1.51935e-32
1.0618e-32
6.06151e-33
3.31463e-33
1.81872e-33
7.3185e-34
1.90279e-34
4.41163e-35
1.13529e-35
1.0331e-34
4.73825e-32
1.70045e-29
2.75503e-27
6.30078e-38
2.19754e-37
6.76751e-37
4.19074e-36
1.7952e-35
3.67375e-35
4.34483e-34
1.45416e-33
1.67729e-33
1.34664e-33
8.73017e-34
4.19895e-34
1.79887e-34
6.22818e-35
1.50708e-35
1.32739e-34
6.18995e-32
3.32252e-29
1.33134e-26
4.46226e-24
2.5467e-38
1.21361e-37
4.5331e-37
1.5035e-36
3.22784e-36
3.43896e-36
2.83736e-36
3.79407e-35
1.04767e-34
1.7727e-34
2.19818e-34
1.39849e-34
6.92102e-35
2.467e-35
1.14474e-34
7.02657e-32
3.81168e-29
2.43409e-26
1.13902e-23
5.23234e-21
8.40199e-39
6.72904e-38
3.5394e-37
1.54311e-36
4.75014e-36
7.39561e-36
5.16877e-36
2.03296e-36
5.45929e-36
1.48205e-35
3.51897e-35
3.6512e-35
2.23832e-35
7.09182e-35
3.96016e-32
3.2435e-29
1.98462e-26
1.23283e-23
8.4552e-21
4.05678e-18
7.85358e-39
1.02847e-37
5.78341e-37
2.30681e-36
6.7845e-36
1.17205e-35
9.32266e-36
2.974e-36
1.05287e-36
2.14853e-36
3.98935e-36
5.47579e-36
5.32079e-35
2.39572e-32
1.67316e-29
1.1284e-26
8.32745e-24
6.09004e-21
4.67179e-18
1.93559e-15
2.58397e-38
3.21988e-37
1.87233e-36
6.76822e-36
1.3999e-35
2.06111e-35
2.23757e-35
1.28193e-35
2.94459e-36
9.59807e-37
1.12598e-36
2.79739e-35
1.1081e-32
5.8172e-30
3.41645e-27
2.50144e-24
2.09451e-21
1.89322e-18
1.98797e-15
5.33693e-13
8.17473e-38
9.78105e-37
6.19219e-36
2.11531e-35
4.13217e-35
5.71583e-35
6.13305e-35
3.83882e-35
1.46831e-35
1.30488e-35
8.23274e-35
2.88774e-33
8.94081e-31
6.0189e-28
5.12583e-25
4.6272e-22
4.06805e-19
3.71018e-16
3.82372e-13
0
2.16386e-37
2.36189e-36
1.50103e-35
5.27292e-35
1.07209e-34
1.46764e-34
1.70545e-34
1.73226e-34
4.93603e-34
3.84858e-33
4.34124e-32
9.10918e-31
6.04577e-29
1.41775e-26
7.72873e-24
6.16509e-21
6.08964e-18
6.02725e-15
6.99578e-12
0
3.43462e-37
3.45034e-36
2.14761e-35
8.47836e-35
2.5552e-34
9.25787e-34
4.32858e-33
1.41411e-32
1.05471e-31
1.11474e-30
1.66783e-29
4.1977e-28
2.47121e-26
2.73675e-24
5.93116e-22
2.46081e-19
1.66537e-16
1.50104e-13
1.23951e-10
0
4.29981e-37
4.19986e-36
2.74752e-35
1.6295e-34
1.54427e-33
1.94389e-32
2.31718e-31
2.08895e-30
1.84098e-29
2.19186e-28
4.4683e-27
1.22791e-25
8.48174e-24
1.02565e-21
1.88154e-19
5.23909e-17
2.24078e-14
1.35098e-11
6.02213e-09
0
5.00553e-37
4.77272e-36
4.51137e-35
8.46863e-34
2.06719e-32
4.53458e-31
8.2153e-30
1.35633e-28
1.81406e-27
2.32568e-26
6.13736e-25
2.11446e-23
1.35723e-21
1.96666e-19
3.89507e-17
1.06006e-14
3.87529e-12
1.39487e-09
1.14078e-07
0
7.48918e-37
6.86535e-36
5.2651e-35
7.22975e-34
1.43985e-32
3.01349e-31
6.38227e-30
1.40759e-28
3.33486e-27
6.79604e-26
1.22684e-24
2.6163e-23
1.51313e-21
1.95546e-19
3.15481e-17
6.4786e-15
1.66451e-12
4.1461e-10
2.98812e-08
0
1.17117e-38
1.03717e-37
5.50667e-37
3.55935e-36
3.76298e-35
7.49771e-34
1.86125e-32
5.43138e-31
2.12173e-29
4.51293e-28
9.55693e-27
3.19619e-25
2.99558e-23
5.22233e-21
1.03734e-18
1.68832e-16
2.11829e-14
8.40621e-12
3.34037e-10
1.47069e-08
)
;

boundaryField
{
    outlet
    {
        type            calculated;
        value           nonuniform List<scalar> 
20
(
1.17117e-38
1.03717e-37
5.50667e-37
3.55935e-36
3.76298e-35
7.49771e-34
1.86125e-32
5.43138e-31
2.12173e-29
4.51293e-28
9.55693e-27
3.19619e-25
2.99558e-23
5.22233e-21
1.03734e-18
1.68832e-16
2.11829e-14
8.40621e-12
3.34037e-10
1.47069e-08
)
;
    }
    inlet
    {
        type            calculated;
        value           nonuniform List<scalar> 
20
(
1.04624e-106
1.11616e-107
5.2444e-109
1.47139e-110
2.85703e-112
3.91241e-114
3.96041e-116
3.0662e-118
1.88881e-120
9.33088e-123
3.78436e-125
1.26122e-127
3.50038e-130
8.06532e-133
1.54361e-135
2.5017e-138
3.44251e-141
4.02295e-144
4.22806e-147
4.14546e-150
)
;
    }
    wall
    {
        type            calculated;
        value           nonuniform List<scalar> 
200
(
4.14546e-150
1.22282e-147
3.55357e-145
1.03539e-142
3.03143e-140
8.96805e-138
2.72585e-135
8.32826e-133
2.53042e-130
7.65495e-128
2.30468e-125
6.89908e-123
2.05329e-120
6.06709e-118
1.78165e-115
5.20786e-113
1.51327e-110
4.3641e-108
1.25121e-105
3.56849e-103
1.01185e-100
2.85646e-98
8.02416e-96
2.24343e-93
6.23286e-91
1.72784e-88
4.77432e-86
1.30696e-83
3.54009e-81
9.45635e-79
2.49874e-76
6.43303e-74
1.60785e-71
3.85366e-69
8.82625e-67
1.89712e-64
3.73788e-62
6.71271e-60
1.05962e-57
1.41167e-55
1.50491e-53
1.15475e-51
4.95781e-50
3.37385e-49
2.09529e-48
6.50953e-48
1.41857e-47
2.87368e-47
5.37168e-47
8.79163e-47
1.44988e-46
2.1404e-46
3.41656e-46
4.65005e-46
7.46914e-46
1.4105e-45
2.33747e-45
3.69223e-45
5.77558e-45
8.62999e-45
1.24999e-44
1.77624e-44
2.47869e-44
3.38995e-44
4.57602e-44
5.89961e-44
7.7248e-44
1.131e-43
1.31866e-43
1.23465e-43
9.52808e-44
6.93043e-44
5.24265e-44
3.78403e-44
2.63649e-44
2.17657e-44
2.54379e-44
5.07722e-44
3.47454e-43
8.77822e-42
3.24987e-40
9.92324e-39
1.516e-37
7.73155e-37
1.12052e-36
6.14774e-37
1.6931e-37
4.43232e-38
1.00748e-38
1.96659e-39
3.31939e-40
5.07743e-41
7.22432e-42
1.14062e-42
2.34577e-43
6.93444e-44
3.06257e-44
4.31077e-44
4.41763e-42
8.80829e-40
1.54438e-37
2.29415e-35
2.60658e-33
2.20232e-31
1.43816e-29
7.7499e-28
3.61381e-26
1.52066e-24
6.01225e-23
2.31752e-21
8.96695e-20
3.53675e-18
1.41767e-16
5.68743e-15
2.26655e-13
9.02035e-12
3.08561e-10
6.51215e-09
1.25229e-07
2.19614e-06
3.3769e-05
0.000459919
0.00508068
0.0319482
0.0473049
0.0437336
0.0196729
0.00416377
0.000613963
7.31092e-05
1.02333e-05
2.02691e-06
5.69337e-07
3.65479e-07
4.90842e-07
4.50258e-07
1.94772e-07
4.23912e-08
6.75259e-09
8.50799e-10
9.10447e-11
9.05219e-12
8.83683e-13
8.26281e-14
7.72818e-15
6.18588e-16
4.39995e-17
2.58625e-18
1.16135e-19
3.49479e-21
9.16668e-23
1.9544e-24
3.80354e-26
5.64065e-28
5.16396e-30
2.90491e-32
5.77841e-35
1.39071e-37
4.46808e-40
2.66719e-42
1.48979e-44
6.91862e-47
4.24756e-49
2.22873e-51
1.21275e-53
5.71716e-56
3.15493e-58
2.13556e-60
1.30966e-62
4.86438e-62
3.66543e-60
2.82007e-58
2.16883e-56
1.65138e-54
1.24446e-52
9.36503e-51
7.11363e-49
6.0893e-47
4.24494e-45
1.75563e-43
7.27773e-42
2.41327e-40
6.57862e-39
1.52469e-37
4.4096e-36
6.57791e-34
1.35657e-30
2.75503e-27
4.46226e-24
5.23234e-21
4.05678e-18
1.93559e-15
5.33693e-13
0
0
0
0
0
0
1.47069e-08
)
;
    }
    interface
    {
        type            calculated;
        value           nonuniform List<scalar> 
200
(
1.04624e-106
4.37367e-104
1.84364e-101
7.89289e-99
3.43476e-96
1.5243e-93
6.90826e-91
3.2061e-88
1.52568e-85
7.45257e-83
3.7375e-80
1.92445e-77
1.0165e-74
5.50036e-72
3.04494e-69
1.72047e-66
9.91175e-64
5.80973e-61
3.46167e-58
2.09483e-55
1.28726e-52
8.02616e-50
5.07457e-47
3.25528e-44
2.11924e-41
1.40158e-38
9.4145e-36
6.42527e-33
4.45729e-30
3.14404e-27
2.25561e-24
1.64617e-21
1.22218e-18
9.22981e-16
7.08779e-13
5.51651e-10
4.374e-07
0.000352053
0.286901
230.599
141566
2.47865e+07
6.72872e+07
1.31798e+07
3.26863e+06
1.79497e+06
1.37779e+06
1.09306e+06
869888
694638
537488
412309
298464
186027
91686.2
60076.6
49703.9
44364.6
39942.2
35664.3
31441.9
27330.8
23492.4
20050.4
17001.7
14441.9
12540.4
11163.6
10610.8
11176.8
12755.1
15532
20864
29137
37229.9
51835.1
64690.3
56484.9
39705.8
22321.2
14023.4
6524.64
2213.98
680.709
217.757
61.0157
219.067
63805.7
1.90497e+07
2.14621e+07
2.15806e+07
2.15223e+07
2.14288e+07
2.13054e+07
2.11749e+07
2.11068e+07
2.10908e+07
2.10609e+07
2.10194e+07
2.10129e+07
2.10459e+07
2.11706e+07
2.14413e+07
2.16896e+07
2.18878e+07
2.19757e+07
2.1934e+07
2.18537e+07
2.17221e+07
2.16093e+07
2.14769e+07
2.17819e+07
2.20132e+07
2.19049e+07
2.13561e+07
2.13047e+07
2.13218e+07
2.13311e+07
2.1341e+07
2.23824e+07
1.67318e+07
1.15925e+07
9.75259e+06
9.19426e+06
9.93073e+06
1.26804e+07
2.24247e+07
2.13349e+07
2.12589e+07
2.1127e+07
2.10233e+07
2.09765e+07
2.10249e+07
2.32646e+07
1.99164e+07
1.37014e+07
9.266e+06
7.3214e+06
6.4451e+06
5.72929e+06
5.16436e+06
4.66951e+06
2.70654e+06
799760
356322
191704
84348.8
20191.1
3846.57
589.832
72.7942
7.88321
0.791614
0.0751219
0.00669225
0.000572657
4.8814e-05
4.19276e-06
3.53801e-07
2.86107e-08
2.24442e-09
1.80233e-10
1.54502e-11
1.41311e-12
1.1847e-13
1.0244e-14
9.14851e-16
1.24413e-16
2.2341e-17
3.01348e-18
6.83391e-19
1.56421e-19
2.38569e-20
3.62359e-21
9.52556e-22
1.813e-22
4.96209e-23
9.61954e-24
1.94547e-24
4.13114e-25
7.55136e-26
7.90632e-27
3.3427e-28
1.55981e-29
7.24414e-31
2.39302e-32
1.38791e-34
2.10015e-37
6.30078e-38
2.5467e-38
8.40199e-39
7.85358e-39
2.58397e-38
8.17473e-38
2.16386e-37
3.43462e-37
4.29981e-37
5.00553e-37
7.48918e-37
1.17117e-38
)
;
    }
    frontAndback
    {
        type            empty;
    }
}


// ************************************************************************* //
