/*--------------------------------*- C++ -*----------------------------------*\
| =========                 |                                                 |
| \\      /  F ield         | OpenFOAM: The Open Source CFD Toolbox           |
|  \\    /   O peration     | Version:  dev                                   |
|   \\  /    A nd           | Web:      www.OpenFOAM.org                      |
|    \\/     M anipulation  |                                                 |
\*---------------------------------------------------------------------------*/
FoamFile
{
    version     2.0;
    format      ascii;
    class       volScalarField;
    location    "0";
    object      ph_rgh;
}
// * * * * * * * * * * * * * * * * * * * * * * * * * * * * * * * * * * * * * //

dimensions      [1 -1 -2 0 0 0 0];

internalField   nonuniform List<scalar> 
4000
(
6.6852e-05
6.6852e-05
6.6852e-05
6.6852e-05
6.6852e-05
6.6852e-05
6.6852e-05
6.6852e-05
6.6852e-05
6.6852e-05
6.6852e-05
6.6852e-05
6.6852e-05
6.6852e-05
6.6852e-05
6.6852e-05
6.6852e-05
6.6852e-05
6.6852e-05
6.6852e-05
6.68454e-05
6.68454e-05
6.68454e-05
6.68454e-05
6.68454e-05
6.68454e-05
6.68454e-05
6.68454e-05
6.68454e-05
6.68454e-05
6.68454e-05
6.68454e-05
6.68454e-05
6.68454e-05
6.68454e-05
6.68454e-05
6.68454e-05
6.68454e-05
6.68454e-05
6.68454e-05
6.68321e-05
6.68321e-05
6.68321e-05
6.68321e-05
6.68321e-05
6.68321e-05
6.68321e-05
6.68321e-05
6.68321e-05
6.68321e-05
6.68321e-05
6.68321e-05
6.68321e-05
6.68321e-05
6.68321e-05
6.68321e-05
6.68321e-05
6.68321e-05
6.68321e-05
6.68321e-05
6.6812e-05
6.6812e-05
6.6812e-05
6.6812e-05
6.6812e-05
6.6812e-05
6.6812e-05
6.6812e-05
6.6812e-05
6.6812e-05
6.6812e-05
6.6812e-05
6.6812e-05
6.6812e-05
6.6812e-05
6.6812e-05
6.6812e-05
6.6812e-05
6.6812e-05
6.6812e-05
6.67849e-05
6.67849e-05
6.67849e-05
6.67849e-05
6.67849e-05
6.67849e-05
6.67849e-05
6.67849e-05
6.67849e-05
6.67849e-05
6.67849e-05
6.67849e-05
6.67849e-05
6.67849e-05
6.67849e-05
6.67849e-05
6.67849e-05
6.67849e-05
6.67849e-05
6.67849e-05
6.67508e-05
6.67508e-05
6.67508e-05
6.67508e-05
6.67508e-05
6.67508e-05
6.67508e-05
6.67508e-05
6.67508e-05
6.67508e-05
6.67508e-05
6.67508e-05
6.67508e-05
6.67508e-05
6.67508e-05
6.67508e-05
6.67508e-05
6.67508e-05
6.67508e-05
6.67508e-05
6.67096e-05
6.67096e-05
6.67096e-05
6.67096e-05
6.67096e-05
6.67096e-05
6.67096e-05
6.67096e-05
6.67096e-05
6.67096e-05
6.67096e-05
6.67096e-05
6.67096e-05
6.67096e-05
6.67096e-05
6.67096e-05
6.67096e-05
6.67096e-05
6.67096e-05
6.67096e-05
6.66611e-05
6.66611e-05
6.66611e-05
6.66611e-05
6.66611e-05
6.66611e-05
6.66611e-05
6.66611e-05
6.66611e-05
6.66611e-05
6.66611e-05
6.66611e-05
6.66611e-05
6.66611e-05
6.66611e-05
6.66611e-05
6.66611e-05
6.66611e-05
6.66611e-05
6.66611e-05
6.66052e-05
6.66052e-05
6.66052e-05
6.66052e-05
6.66052e-05
6.66052e-05
6.66052e-05
6.66051e-05
6.66051e-05
6.66051e-05
6.66051e-05
6.66051e-05
6.66051e-05
6.66051e-05
6.66051e-05
6.66051e-05
6.66051e-05
6.66051e-05
6.66051e-05
6.66051e-05
6.65417e-05
6.65417e-05
6.65417e-05
6.65417e-05
6.65417e-05
6.65417e-05
6.65417e-05
6.65417e-05
6.65417e-05
6.65417e-05
6.65417e-05
6.65417e-05
6.65417e-05
6.65417e-05
6.65417e-05
6.65417e-05
6.65417e-05
6.65417e-05
6.65417e-05
6.65417e-05
6.64707e-05
6.64707e-05
6.64707e-05
6.64707e-05
6.64707e-05
6.64707e-05
6.64707e-05
6.64707e-05
6.64707e-05
6.64706e-05
6.64706e-05
6.64706e-05
6.64706e-05
6.64706e-05
6.64706e-05
6.64706e-05
6.64706e-05
6.64706e-05
6.64706e-05
6.64706e-05
6.63918e-05
6.63918e-05
6.63918e-05
6.63918e-05
6.63918e-05
6.63918e-05
6.63918e-05
6.63918e-05
6.63918e-05
6.63918e-05
6.63918e-05
6.63918e-05
6.63918e-05
6.63918e-05
6.63918e-05
6.63918e-05
6.63918e-05
6.63918e-05
6.63918e-05
6.63918e-05
6.63051e-05
6.63051e-05
6.63051e-05
6.63051e-05
6.63051e-05
6.63051e-05
6.63051e-05
6.63051e-05
6.63051e-05
6.63051e-05
6.63051e-05
6.63051e-05
6.63051e-05
6.63051e-05
6.63051e-05
6.63051e-05
6.63051e-05
6.63051e-05
6.63051e-05
6.63051e-05
6.62104e-05
6.62104e-05
6.62104e-05
6.62104e-05
6.62104e-05
6.62104e-05
6.62104e-05
6.62104e-05
6.62104e-05
6.62104e-05
6.62104e-05
6.62104e-05
6.62104e-05
6.62104e-05
6.62104e-05
6.62104e-05
6.62104e-05
6.62104e-05
6.62104e-05
6.62104e-05
6.61075e-05
6.61075e-05
6.61075e-05
6.61075e-05
6.61075e-05
6.61075e-05
6.61075e-05
6.61075e-05
6.61075e-05
6.61075e-05
6.61075e-05
6.61075e-05
6.61075e-05
6.61075e-05
6.61075e-05
6.61075e-05
6.61075e-05
6.61075e-05
6.61075e-05
6.61075e-05
6.59964e-05
6.59964e-05
6.59964e-05
6.59964e-05
6.59964e-05
6.59964e-05
6.59964e-05
6.59964e-05
6.59964e-05
6.59964e-05
6.59964e-05
6.59964e-05
6.59964e-05
6.59964e-05
6.59964e-05
6.59964e-05
6.59964e-05
6.59964e-05
6.59964e-05
6.59964e-05
6.58769e-05
6.58769e-05
6.58769e-05
6.58769e-05
6.58769e-05
6.58769e-05
6.58769e-05
6.58769e-05
6.58769e-05
6.58769e-05
6.58769e-05
6.58769e-05
6.58769e-05
6.58769e-05
6.58769e-05
6.58769e-05
6.58769e-05
6.58769e-05
6.58769e-05
6.58769e-05
6.57488e-05
6.57488e-05
6.57488e-05
6.57488e-05
6.57488e-05
6.57488e-05
6.57488e-05
6.57488e-05
6.57488e-05
6.57488e-05
6.57488e-05
6.57488e-05
6.57488e-05
6.57488e-05
6.57488e-05
6.57488e-05
6.57488e-05
6.57488e-05
6.57488e-05
6.57488e-05
6.56121e-05
6.56121e-05
6.56121e-05
6.56121e-05
6.56121e-05
6.56121e-05
6.56121e-05
6.56121e-05
6.56121e-05
6.56121e-05
6.56121e-05
6.56121e-05
6.56121e-05
6.56121e-05
6.56121e-05
6.56121e-05
6.56121e-05
6.56121e-05
6.56121e-05
6.56121e-05
6.54666e-05
6.54666e-05
6.54666e-05
6.54666e-05
6.54666e-05
6.54666e-05
6.54666e-05
6.54666e-05
6.54666e-05
6.54666e-05
6.54666e-05
6.54666e-05
6.54666e-05
6.54666e-05
6.54666e-05
6.54666e-05
6.54666e-05
6.54666e-05
6.54666e-05
6.54666e-05
6.53121e-05
6.53121e-05
6.53121e-05
6.53121e-05
6.53121e-05
6.53121e-05
6.53121e-05
6.53121e-05
6.53121e-05
6.53121e-05
6.53121e-05
6.53121e-05
6.53121e-05
6.53121e-05
6.53121e-05
6.53121e-05
6.53121e-05
6.53121e-05
6.53121e-05
6.53121e-05
6.51486e-05
6.51486e-05
6.51486e-05
6.51486e-05
6.51486e-05
6.51486e-05
6.51486e-05
6.51486e-05
6.51486e-05
6.51486e-05
6.51486e-05
6.51486e-05
6.51486e-05
6.51486e-05
6.51486e-05
6.51486e-05
6.51486e-05
6.51486e-05
6.51486e-05
6.51486e-05
6.49758e-05
6.49758e-05
6.49758e-05
6.49758e-05
6.49758e-05
6.49758e-05
6.49758e-05
6.49758e-05
6.49758e-05
6.49758e-05
6.49758e-05
6.49758e-05
6.49758e-05
6.49758e-05
6.49758e-05
6.49758e-05
6.49758e-05
6.49758e-05
6.49758e-05
6.49758e-05
6.47937e-05
6.47937e-05
6.47937e-05
6.47937e-05
6.47937e-05
6.47937e-05
6.47937e-05
6.47937e-05
6.47937e-05
6.47937e-05
6.47937e-05
6.47937e-05
6.47937e-05
6.47937e-05
6.47937e-05
6.47937e-05
6.47937e-05
6.47937e-05
6.47937e-05
6.47937e-05
6.4602e-05
6.4602e-05
6.4602e-05
6.4602e-05
6.4602e-05
6.4602e-05
6.4602e-05
6.4602e-05
6.4602e-05
6.4602e-05
6.4602e-05
6.4602e-05
6.4602e-05
6.4602e-05
6.4602e-05
6.4602e-05
6.4602e-05
6.4602e-05
6.4602e-05
6.4602e-05
6.44007e-05
6.44007e-05
6.44007e-05
6.44007e-05
6.44007e-05
6.44007e-05
6.44007e-05
6.44007e-05
6.44007e-05
6.44007e-05
6.44007e-05
6.44007e-05
6.44007e-05
6.44007e-05
6.44007e-05
6.44007e-05
6.44007e-05
6.44007e-05
6.44007e-05
6.44007e-05
6.41896e-05
6.41896e-05
6.41896e-05
6.41896e-05
6.41896e-05
6.41896e-05
6.41896e-05
6.41896e-05
6.41896e-05
6.41896e-05
6.41896e-05
6.41896e-05
6.41896e-05
6.41896e-05
6.41896e-05
6.41896e-05
6.41896e-05
6.41896e-05
6.41896e-05
6.41896e-05
6.39686e-05
6.39686e-05
6.39686e-05
6.39686e-05
6.39686e-05
6.39686e-05
6.39686e-05
6.39686e-05
6.39686e-05
6.39686e-05
6.39686e-05
6.39686e-05
6.39686e-05
6.39686e-05
6.39686e-05
6.39686e-05
6.39686e-05
6.39686e-05
6.39686e-05
6.39686e-05
6.37374e-05
6.37374e-05
6.37374e-05
6.37374e-05
6.37374e-05
6.37374e-05
6.37374e-05
6.37374e-05
6.37374e-05
6.37374e-05
6.37374e-05
6.37374e-05
6.37374e-05
6.37374e-05
6.37374e-05
6.37374e-05
6.37374e-05
6.37374e-05
6.37374e-05
6.37374e-05
6.3496e-05
6.3496e-05
6.3496e-05
6.3496e-05
6.3496e-05
6.34959e-05
6.34959e-05
6.34959e-05
6.34959e-05
6.34959e-05
6.34959e-05
6.34959e-05
6.34959e-05
6.34959e-05
6.34959e-05
6.34959e-05
6.34959e-05
6.34959e-05
6.34959e-05
6.34959e-05
6.32441e-05
6.32441e-05
6.32441e-05
6.32441e-05
6.32441e-05
6.32441e-05
6.32441e-05
6.32441e-05
6.32441e-05
6.32441e-05
6.32441e-05
6.32441e-05
6.32441e-05
6.32441e-05
6.32441e-05
6.32441e-05
6.32441e-05
6.32441e-05
6.32441e-05
6.32441e-05
6.29817e-05
6.29817e-05
6.29817e-05
6.29817e-05
6.29816e-05
6.29816e-05
6.29816e-05
6.29816e-05
6.29816e-05
6.29816e-05
6.29816e-05
6.29816e-05
6.29816e-05
6.29816e-05
6.29816e-05
6.29816e-05
6.29816e-05
6.29816e-05
6.29816e-05
6.29816e-05
6.27085e-05
6.27085e-05
6.27085e-05
6.27085e-05
6.27085e-05
6.27085e-05
6.27085e-05
6.27085e-05
6.27085e-05
6.27085e-05
6.27085e-05
6.27085e-05
6.27085e-05
6.27085e-05
6.27085e-05
6.27085e-05
6.27085e-05
6.27085e-05
6.27085e-05
6.27085e-05
6.24244e-05
6.24244e-05
6.24244e-05
6.24244e-05
6.24244e-05
6.24244e-05
6.24244e-05
6.24244e-05
6.24244e-05
6.24244e-05
6.24244e-05
6.24244e-05
6.24244e-05
6.24244e-05
6.24244e-05
6.24244e-05
6.24244e-05
6.24244e-05
6.24244e-05
6.24244e-05
6.21292e-05
6.21292e-05
6.21292e-05
6.21292e-05
6.21292e-05
6.21292e-05
6.21292e-05
6.21292e-05
6.21292e-05
6.21292e-05
6.21292e-05
6.21292e-05
6.21292e-05
6.21292e-05
6.21292e-05
6.21292e-05
6.21292e-05
6.21292e-05
6.21292e-05
6.21292e-05
6.18229e-05
6.18229e-05
6.18229e-05
6.18229e-05
6.18229e-05
6.18229e-05
6.18228e-05
6.18228e-05
6.18228e-05
6.18228e-05
6.18228e-05
6.18228e-05
6.18228e-05
6.18228e-05
6.18228e-05
6.18228e-05
6.18228e-05
6.18228e-05
6.18228e-05
6.18228e-05
6.15051e-05
6.15051e-05
6.15051e-05
6.15051e-05
6.15051e-05
6.15051e-05
6.15051e-05
6.15051e-05
6.15051e-05
6.15051e-05
6.15051e-05
6.15051e-05
6.15051e-05
6.15051e-05
6.15051e-05
6.15051e-05
6.15051e-05
6.15051e-05
6.15051e-05
6.15051e-05
6.11757e-05
6.11757e-05
6.11757e-05
6.11757e-05
6.11757e-05
6.11757e-05
6.11757e-05
6.11757e-05
6.11757e-05
6.11757e-05
6.11757e-05
6.11757e-05
6.11757e-05
6.11757e-05
6.11757e-05
6.11757e-05
6.11757e-05
6.11757e-05
6.11757e-05
6.11757e-05
6.08346e-05
6.08346e-05
6.08346e-05
6.08346e-05
6.08346e-05
6.08346e-05
6.08346e-05
6.08346e-05
6.08346e-05
6.08346e-05
6.08346e-05
6.08346e-05
6.08346e-05
6.08346e-05
6.08346e-05
6.08346e-05
6.08346e-05
6.08346e-05
6.08346e-05
6.08346e-05
6.04816e-05
6.04816e-05
6.04816e-05
6.04816e-05
6.04816e-05
6.04816e-05
6.04816e-05
6.04816e-05
6.04816e-05
6.04816e-05
6.04816e-05
6.04816e-05
6.04816e-05
6.04816e-05
6.04816e-05
6.04816e-05
6.04816e-05
6.04816e-05
6.04816e-05
6.04816e-05
6.01164e-05
6.01164e-05
6.01164e-05
6.01164e-05
6.01164e-05
6.01164e-05
6.01164e-05
6.01164e-05
6.01164e-05
6.01164e-05
6.01164e-05
6.01164e-05
6.01164e-05
6.01164e-05
6.01164e-05
6.01164e-05
6.01164e-05
6.01164e-05
6.01164e-05
6.01164e-05
5.9739e-05
5.9739e-05
5.9739e-05
5.9739e-05
5.9739e-05
5.9739e-05
5.9739e-05
5.9739e-05
5.9739e-05
5.9739e-05
5.9739e-05
5.9739e-05
5.9739e-05
5.9739e-05
5.9739e-05
5.9739e-05
5.9739e-05
5.9739e-05
5.9739e-05
5.9739e-05
5.93492e-05
5.93492e-05
5.93492e-05
5.93492e-05
5.93492e-05
5.93492e-05
5.93492e-05
5.93492e-05
5.93492e-05
5.93492e-05
5.93492e-05
5.93492e-05
5.93492e-05
5.93492e-05
5.93492e-05
5.93492e-05
5.93492e-05
5.93492e-05
5.93492e-05
5.93492e-05
5.89466e-05
5.89466e-05
5.89466e-05
5.89466e-05
5.89466e-05
5.89466e-05
5.89466e-05
5.89466e-05
5.89466e-05
5.89466e-05
5.89466e-05
5.89466e-05
5.89466e-05
5.89466e-05
5.89466e-05
5.89466e-05
5.89466e-05
5.89466e-05
5.89466e-05
5.89466e-05
5.85313e-05
5.85313e-05
5.85313e-05
5.85313e-05
5.85313e-05
5.85313e-05
5.85313e-05
5.85313e-05
5.85313e-05
5.85313e-05
5.85313e-05
5.85313e-05
5.85313e-05
5.85313e-05
5.85313e-05
5.85313e-05
5.85313e-05
5.85313e-05
5.85313e-05
5.85313e-05
5.81029e-05
5.81029e-05
5.81029e-05
5.81029e-05
5.81029e-05
5.81029e-05
5.81029e-05
5.81029e-05
5.81029e-05
5.81029e-05
5.81029e-05
5.81029e-05
5.81029e-05
5.81029e-05
5.81029e-05
5.81029e-05
5.81029e-05
5.81029e-05
5.81029e-05
5.81029e-05
5.76614e-05
5.76614e-05
5.76614e-05
5.76614e-05
5.76614e-05
5.76614e-05
5.76614e-05
5.76614e-05
5.76614e-05
5.76614e-05
5.76614e-05
5.76614e-05
5.76614e-05
5.76613e-05
5.76613e-05
5.76613e-05
5.76613e-05
5.76613e-05
5.76613e-05
5.76613e-05
5.72064e-05
5.72064e-05
5.72064e-05
5.72064e-05
5.72064e-05
5.72064e-05
5.72064e-05
5.72064e-05
5.72064e-05
5.72064e-05
5.72064e-05
5.72064e-05
5.72064e-05
5.72064e-05
5.72064e-05
5.72064e-05
5.72064e-05
5.72064e-05
5.72064e-05
5.72064e-05
5.67378e-05
5.67378e-05
5.67378e-05
5.67378e-05
5.67378e-05
5.67378e-05
5.67378e-05
5.67378e-05
5.67378e-05
5.67378e-05
5.67378e-05
5.67378e-05
5.67378e-05
5.67378e-05
5.67378e-05
5.67378e-05
5.67378e-05
5.67378e-05
5.67378e-05
5.67378e-05
5.62554e-05
5.62554e-05
5.62554e-05
5.62554e-05
5.62554e-05
5.62554e-05
5.62554e-05
5.62554e-05
5.62554e-05
5.62554e-05
5.62554e-05
5.62554e-05
5.62554e-05
5.62554e-05
5.62554e-05
5.62554e-05
5.62554e-05
5.62554e-05
5.62554e-05
5.62554e-05
5.5759e-05
5.5759e-05
5.5759e-05
5.5759e-05
5.5759e-05
5.5759e-05
5.5759e-05
5.5759e-05
5.5759e-05
5.5759e-05
5.5759e-05
5.5759e-05
5.5759e-05
5.5759e-05
5.5759e-05
5.5759e-05
5.5759e-05
5.5759e-05
5.5759e-05
5.5759e-05
5.52484e-05
5.52484e-05
5.52484e-05
5.52484e-05
5.52484e-05
5.52484e-05
5.52484e-05
5.52484e-05
5.52484e-05
5.52484e-05
5.52484e-05
5.52484e-05
5.52484e-05
5.52484e-05
5.52484e-05
5.52484e-05
5.52484e-05
5.52484e-05
5.52484e-05
5.52484e-05
5.47235e-05
5.47235e-05
5.47235e-05
5.47235e-05
5.47235e-05
5.47235e-05
5.47235e-05
5.47235e-05
5.47235e-05
5.47235e-05
5.47234e-05
5.47234e-05
5.47234e-05
5.47234e-05
5.47234e-05
5.47234e-05
5.47234e-05
5.47234e-05
5.47234e-05
5.47234e-05
5.41838e-05
5.41838e-05
5.41838e-05
5.41838e-05
5.41838e-05
5.41838e-05
5.41838e-05
5.41838e-05
5.41838e-05
5.41838e-05
5.41838e-05
5.41838e-05
5.41838e-05
5.41838e-05
5.41838e-05
5.41838e-05
5.41838e-05
5.41838e-05
5.41838e-05
5.41838e-05
5.36294e-05
5.36294e-05
5.36294e-05
5.36294e-05
5.36294e-05
5.36294e-05
5.36294e-05
5.36294e-05
5.36294e-05
5.36294e-05
5.36294e-05
5.36294e-05
5.36294e-05
5.36294e-05
5.36294e-05
5.36294e-05
5.36294e-05
5.36294e-05
5.36294e-05
5.36294e-05
5.30599e-05
5.30599e-05
5.30599e-05
5.30599e-05
5.30599e-05
5.30599e-05
5.30599e-05
5.30599e-05
5.30599e-05
5.30599e-05
5.30599e-05
5.30599e-05
5.30599e-05
5.30599e-05
5.30599e-05
5.30599e-05
5.30599e-05
5.30599e-05
5.30599e-05
5.30599e-05
5.24752e-05
5.24752e-05
5.24752e-05
5.24752e-05
5.24752e-05
5.24752e-05
5.24752e-05
5.24752e-05
5.24752e-05
5.24752e-05
5.24752e-05
5.24752e-05
5.24752e-05
5.24752e-05
5.24752e-05
5.24752e-05
5.24752e-05
5.24752e-05
5.24752e-05
5.24752e-05
5.1875e-05
5.1875e-05
5.1875e-05
5.1875e-05
5.1875e-05
5.1875e-05
5.1875e-05
5.1875e-05
5.1875e-05
5.1875e-05
5.1875e-05
5.1875e-05
5.1875e-05
5.1875e-05
5.1875e-05
5.1875e-05
5.1875e-05
5.1875e-05
5.1875e-05
5.1875e-05
5.12591e-05
5.12591e-05
5.12591e-05
5.12591e-05
5.12591e-05
5.12591e-05
5.12591e-05
5.12591e-05
5.12591e-05
5.12591e-05
5.12591e-05
5.12591e-05
5.12591e-05
5.12591e-05
5.12591e-05
5.12591e-05
5.12591e-05
5.12591e-05
5.12591e-05
5.12591e-05
5.06272e-05
5.06272e-05
5.06272e-05
5.06272e-05
5.06272e-05
5.06272e-05
5.06272e-05
5.06272e-05
5.06272e-05
5.06272e-05
5.06272e-05
5.06272e-05
5.06272e-05
5.06272e-05
5.06272e-05
5.06272e-05
5.06272e-05
5.06272e-05
5.06272e-05
5.06272e-05
4.99793e-05
4.99793e-05
4.99793e-05
4.99793e-05
4.99793e-05
4.99792e-05
4.99792e-05
4.99792e-05
4.99792e-05
4.99792e-05
4.99792e-05
4.99792e-05
4.99792e-05
4.99792e-05
4.99792e-05
4.99792e-05
4.99792e-05
4.99792e-05
4.99792e-05
4.99792e-05
4.93149e-05
4.93149e-05
4.93149e-05
4.93149e-05
4.93149e-05
4.93149e-05
4.93149e-05
4.93149e-05
4.93149e-05
4.93149e-05
4.93149e-05
4.93149e-05
4.93149e-05
4.93149e-05
4.93149e-05
4.93149e-05
4.93149e-05
4.93149e-05
4.93149e-05
4.93149e-05
4.86339e-05
4.86339e-05
4.86339e-05
4.86339e-05
4.86339e-05
4.86339e-05
4.86339e-05
4.86339e-05
4.86339e-05
4.86339e-05
4.86339e-05
4.86339e-05
4.86339e-05
4.86339e-05
4.86339e-05
4.86339e-05
4.86339e-05
4.86339e-05
4.86339e-05
4.86339e-05
4.79361e-05
4.79361e-05
4.79361e-05
4.79361e-05
4.79361e-05
4.79361e-05
4.79361e-05
4.79361e-05
4.79361e-05
4.79361e-05
4.79361e-05
4.79361e-05
4.79361e-05
4.79361e-05
4.79361e-05
4.79361e-05
4.79361e-05
4.79361e-05
4.79361e-05
4.79361e-05
4.72212e-05
4.72212e-05
4.72212e-05
4.72212e-05
4.72212e-05
4.72212e-05
4.72212e-05
4.72212e-05
4.72212e-05
4.72212e-05
4.72212e-05
4.72212e-05
4.72212e-05
4.72212e-05
4.72212e-05
4.72212e-05
4.72212e-05
4.72212e-05
4.72212e-05
4.72212e-05
4.6489e-05
4.6489e-05
4.6489e-05
4.6489e-05
4.6489e-05
4.6489e-05
4.6489e-05
4.6489e-05
4.64889e-05
4.64889e-05
4.64889e-05
4.64889e-05
4.64889e-05
4.64889e-05
4.64889e-05
4.64889e-05
4.64889e-05
4.64889e-05
4.64889e-05
4.64889e-05
4.57391e-05
4.57391e-05
4.57391e-05
4.57391e-05
4.57391e-05
4.57391e-05
4.57391e-05
4.57391e-05
4.57391e-05
4.57391e-05
4.57391e-05
4.57391e-05
4.57391e-05
4.57391e-05
4.57391e-05
4.57391e-05
4.57391e-05
4.57391e-05
4.57391e-05
4.57391e-05
4.49715e-05
4.49715e-05
4.49715e-05
4.49715e-05
4.49715e-05
4.49715e-05
4.49715e-05
4.49715e-05
4.49715e-05
4.49715e-05
4.49715e-05
4.49715e-05
4.49715e-05
4.49715e-05
4.49715e-05
4.49715e-05
4.49715e-05
4.49715e-05
4.49715e-05
4.49715e-05
4.41858e-05
4.41858e-05
4.41858e-05
4.41858e-05
4.41858e-05
4.41858e-05
4.41858e-05
4.41858e-05
4.41858e-05
4.41858e-05
4.41858e-05
4.41858e-05
4.41858e-05
4.41858e-05
4.41858e-05
4.41858e-05
4.41858e-05
4.41858e-05
4.41858e-05
4.41858e-05
4.33818e-05
4.33818e-05
4.33818e-05
4.33818e-05
4.33818e-05
4.33818e-05
4.33818e-05
4.33818e-05
4.33818e-05
4.33818e-05
4.33818e-05
4.33818e-05
4.33818e-05
4.33818e-05
4.33818e-05
4.33818e-05
4.33818e-05
4.33818e-05
4.33818e-05
4.33818e-05
4.25592e-05
4.25592e-05
4.25592e-05
4.25592e-05
4.25592e-05
4.25592e-05
4.25592e-05
4.25592e-05
4.25592e-05
4.25592e-05
4.25592e-05
4.25592e-05
4.25592e-05
4.25592e-05
4.25592e-05
4.25592e-05
4.25592e-05
4.25592e-05
4.25592e-05
4.25592e-05
4.17178e-05
4.17178e-05
4.17178e-05
4.17178e-05
4.17178e-05
4.17178e-05
4.17178e-05
4.17178e-05
4.17178e-05
4.17178e-05
4.17178e-05
4.17178e-05
4.17178e-05
4.17178e-05
4.17178e-05
4.17178e-05
4.17178e-05
4.17178e-05
4.17178e-05
4.17178e-05
4.08572e-05
4.08572e-05
4.08572e-05
4.08572e-05
4.08572e-05
4.08572e-05
4.08572e-05
4.08572e-05
4.08572e-05
4.08572e-05
4.08572e-05
4.08572e-05
4.08572e-05
4.08572e-05
4.08572e-05
4.08572e-05
4.08572e-05
4.08572e-05
4.08572e-05
4.08572e-05
3.99773e-05
3.99773e-05
3.99773e-05
3.99773e-05
3.99773e-05
3.99773e-05
3.99773e-05
3.99773e-05
3.99773e-05
3.99773e-05
3.99773e-05
3.99773e-05
3.99773e-05
3.99773e-05
3.99773e-05
3.99773e-05
3.99773e-05
3.99773e-05
3.99773e-05
3.99773e-05
3.90778e-05
3.90778e-05
3.90778e-05
3.90778e-05
3.90778e-05
3.90778e-05
3.90778e-05
3.90778e-05
3.90778e-05
3.90778e-05
3.90778e-05
3.90778e-05
3.90778e-05
3.90778e-05
3.90778e-05
3.90778e-05
3.90778e-05
3.90778e-05
3.90778e-05
3.90778e-05
3.81583e-05
3.81583e-05
3.81583e-05
3.81583e-05
3.81583e-05
3.81583e-05
3.81583e-05
3.81583e-05
3.81583e-05
3.81583e-05
3.81583e-05
3.81583e-05
3.81583e-05
3.81583e-05
3.81583e-05
3.81583e-05
3.81583e-05
3.81583e-05
3.81583e-05
3.81583e-05
3.72187e-05
3.72187e-05
3.72187e-05
3.72187e-05
3.72187e-05
3.72187e-05
3.72187e-05
3.72187e-05
3.72187e-05
3.72187e-05
3.72187e-05
3.72187e-05
3.72187e-05
3.72187e-05
3.72187e-05
3.72187e-05
3.72187e-05
3.72187e-05
3.72187e-05
3.72187e-05
3.62586e-05
3.62586e-05
3.62586e-05
3.62586e-05
3.62586e-05
3.62586e-05
3.62586e-05
3.62586e-05
3.62586e-05
3.62585e-05
3.62585e-05
3.62585e-05
3.62585e-05
3.62585e-05
3.62585e-05
3.62585e-05
3.62585e-05
3.62585e-05
3.62585e-05
3.62585e-05
3.52777e-05
3.52777e-05
3.52777e-05
3.52777e-05
3.52777e-05
3.52777e-05
3.52777e-05
3.52777e-05
3.52777e-05
3.52777e-05
3.52777e-05
3.52777e-05
3.52777e-05
3.52777e-05
3.52777e-05
3.52777e-05
3.52777e-05
3.52777e-05
3.52777e-05
3.52777e-05
3.42758e-05
3.42758e-05
3.42758e-05
3.42758e-05
3.42758e-05
3.42758e-05
3.42758e-05
3.42758e-05
3.42758e-05
3.42758e-05
3.42758e-05
3.42758e-05
3.42758e-05
3.42758e-05
3.42758e-05
3.42758e-05
3.42758e-05
3.42758e-05
3.42758e-05
3.42758e-05
3.32526e-05
3.32526e-05
3.32526e-05
3.32526e-05
3.32526e-05
3.32526e-05
3.32526e-05
3.32526e-05
3.32526e-05
3.32526e-05
3.32526e-05
3.32526e-05
3.32526e-05
3.32526e-05
3.32526e-05
3.32526e-05
3.32526e-05
3.32526e-05
3.32526e-05
3.32526e-05
3.22078e-05
3.22078e-05
3.22078e-05
3.22078e-05
3.22078e-05
3.22078e-05
3.22077e-05
3.22078e-05
3.22077e-05
3.22077e-05
3.22077e-05
3.22077e-05
3.22077e-05
3.22077e-05
3.22077e-05
3.22077e-05
3.22077e-05
3.22077e-05
3.22077e-05
3.22077e-05
3.1141e-05
3.1141e-05
3.1141e-05
3.1141e-05
3.1141e-05
3.1141e-05
3.1141e-05
3.1141e-05
3.1141e-05
3.1141e-05
3.1141e-05
3.1141e-05
3.1141e-05
3.1141e-05
3.1141e-05
3.1141e-05
3.1141e-05
3.1141e-05
3.1141e-05
3.1141e-05
3.0052e-05
3.0052e-05
3.0052e-05
3.0052e-05
3.0052e-05
3.0052e-05
3.0052e-05
3.0052e-05
3.0052e-05
3.0052e-05
3.0052e-05
3.0052e-05
3.0052e-05
3.0052e-05
3.0052e-05
3.0052e-05
3.0052e-05
3.0052e-05
3.0052e-05
3.0052e-05
2.89406e-05
2.89406e-05
2.89406e-05
2.89406e-05
2.89406e-05
2.89406e-05
2.89406e-05
2.89406e-05
2.89406e-05
2.89406e-05
2.89406e-05
2.89406e-05
2.89406e-05
2.89406e-05
2.89406e-05
2.89406e-05
2.89406e-05
2.89406e-05
2.89406e-05
2.89406e-05
2.78062e-05
2.78062e-05
2.78062e-05
2.78062e-05
2.78062e-05
2.78062e-05
2.78062e-05
2.78062e-05
2.78063e-05
2.78063e-05
2.78062e-05
2.78062e-05
2.78062e-05
2.78062e-05
2.78062e-05
2.78062e-05
2.78062e-05
2.78062e-05
2.78062e-05
2.78062e-05
2.66488e-05
2.66488e-05
2.66488e-05
2.66488e-05
2.66488e-05
2.66488e-05
2.66488e-05
2.66488e-05
2.66488e-05
2.66488e-05
2.66488e-05
2.66488e-05
2.66488e-05
2.66488e-05
2.66488e-05
2.66488e-05
2.66488e-05
2.66488e-05
2.66488e-05
2.66488e-05
2.54679e-05
2.54679e-05
2.54679e-05
2.54679e-05
2.54679e-05
2.54679e-05
2.54679e-05
2.54679e-05
2.54679e-05
2.54679e-05
2.54679e-05
2.54679e-05
2.54679e-05
2.54679e-05
2.54679e-05
2.54679e-05
2.54679e-05
2.54679e-05
2.54679e-05
2.54679e-05
2.42632e-05
2.42632e-05
2.42632e-05
2.42632e-05
2.42632e-05
2.42632e-05
2.42632e-05
2.42632e-05
2.42632e-05
2.42632e-05
2.42632e-05
2.42632e-05
2.42632e-05
2.42632e-05
2.42632e-05
2.42632e-05
2.42632e-05
2.42632e-05
2.42632e-05
2.42632e-05
2.30345e-05
2.30345e-05
2.30345e-05
2.30345e-05
2.30345e-05
2.30345e-05
2.30345e-05
2.30345e-05
2.30345e-05
2.30345e-05
2.30345e-05
2.30345e-05
2.30345e-05
2.30345e-05
2.30345e-05
2.30345e-05
2.30345e-05
2.30345e-05
2.30345e-05
2.30345e-05
2.17813e-05
2.17813e-05
2.17813e-05
2.17813e-05
2.17813e-05
2.17813e-05
2.17813e-05
2.17813e-05
2.17813e-05
2.17813e-05
2.17813e-05
2.17813e-05
2.17813e-05
2.17813e-05
2.17813e-05
2.17813e-05
2.17813e-05
2.17813e-05
2.17813e-05
2.17813e-05
2.05033e-05
2.05033e-05
2.05033e-05
2.05033e-05
2.05033e-05
2.05033e-05
2.05033e-05
2.05033e-05
2.05033e-05
2.05033e-05
2.05033e-05
2.05033e-05
2.05033e-05
2.05033e-05
2.05033e-05
2.05033e-05
2.05033e-05
2.05033e-05
2.05033e-05
2.05033e-05
1.92003e-05
1.92003e-05
1.92003e-05
1.92003e-05
1.92003e-05
1.92003e-05
1.92003e-05
1.92003e-05
1.92003e-05
1.92003e-05
1.92003e-05
1.92003e-05
1.92003e-05
1.92003e-05
1.92003e-05
1.92003e-05
1.92003e-05
1.92003e-05
1.92003e-05
1.92003e-05
1.78718e-05
1.78718e-05
1.78718e-05
1.78718e-05
1.78718e-05
1.78718e-05
1.78718e-05
1.78718e-05
1.78718e-05
1.78718e-05
1.78718e-05
1.78718e-05
1.78718e-05
1.78718e-05
1.78718e-05
1.78718e-05
1.78718e-05
1.78718e-05
1.78718e-05
1.78718e-05
1.65176e-05
1.65176e-05
1.65176e-05
1.65176e-05
1.65176e-05
1.65176e-05
1.65176e-05
1.65176e-05
1.65176e-05
1.65176e-05
1.65176e-05
1.65176e-05
1.65176e-05
1.65176e-05
1.65176e-05
1.65176e-05
1.65176e-05
1.65176e-05
1.65176e-05
1.65176e-05
1.51373e-05
1.51373e-05
1.51373e-05
1.51373e-05
1.51373e-05
1.51373e-05
1.51373e-05
1.51373e-05
1.51373e-05
1.51373e-05
1.51373e-05
1.51373e-05
1.51373e-05
1.51373e-05
1.51373e-05
1.51372e-05
1.51372e-05
1.51372e-05
1.51372e-05
1.51372e-05
1.37304e-05
1.37304e-05
1.37304e-05
1.37304e-05
1.37304e-05
1.37304e-05
1.37304e-05
1.37304e-05
1.37304e-05
1.37304e-05
1.37304e-05
1.37304e-05
1.37304e-05
1.37304e-05
1.37304e-05
1.37304e-05
1.37304e-05
1.37304e-05
1.37304e-05
1.37304e-05
1.22968e-05
1.22968e-05
1.22968e-05
1.22968e-05
1.22968e-05
1.22968e-05
1.22968e-05
1.22968e-05
1.22968e-05
1.22968e-05
1.22968e-05
1.22968e-05
1.22968e-05
1.22968e-05
1.22968e-05
1.22968e-05
1.22968e-05
1.22968e-05
1.22968e-05
1.22968e-05
1.0836e-05
1.0836e-05
1.0836e-05
1.0836e-05
1.0836e-05
1.0836e-05
1.0836e-05
1.0836e-05
1.0836e-05
1.0836e-05
1.0836e-05
1.0836e-05
1.0836e-05
1.0836e-05
1.0836e-05
1.0836e-05
1.0836e-05
1.0836e-05
1.0836e-05
1.0836e-05
9.3476e-06
9.3476e-06
9.3476e-06
9.3476e-06
9.3476e-06
9.3476e-06
9.3476e-06
9.3476e-06
9.3476e-06
9.3476e-06
9.3476e-06
9.3476e-06
9.3476e-06
9.3476e-06
9.3476e-06
9.3476e-06
9.3476e-06
9.3476e-06
9.3476e-06
9.3476e-06
7.83132e-06
7.83132e-06
7.83132e-06
7.83132e-06
7.83132e-06
7.83132e-06
7.83132e-06
7.83132e-06
7.83132e-06
7.83132e-06
7.83132e-06
7.83132e-06
7.83132e-06
7.83132e-06
7.83131e-06
7.83131e-06
7.83131e-06
7.83131e-06
7.83131e-06
7.83131e-06
6.28674e-06
6.28674e-06
6.28674e-06
6.28674e-06
6.28674e-06
6.28674e-06
6.28674e-06
6.28674e-06
6.28674e-06
6.28674e-06
6.28674e-06
6.28674e-06
6.28674e-06
6.28674e-06
6.28674e-06
6.28674e-06
6.28674e-06
6.28673e-06
6.28673e-06
6.28673e-06
4.71349e-06
4.71349e-06
4.7135e-06
4.7135e-06
4.7135e-06
4.7135e-06
4.7135e-06
4.7135e-06
4.7135e-06
4.7135e-06
4.7135e-06
4.7135e-06
4.71349e-06
4.71349e-06
4.71349e-06
4.71349e-06
4.71349e-06
4.71349e-06
4.71349e-06
4.71349e-06
3.1112e-06
3.1112e-06
3.1112e-06
3.1112e-06
3.1112e-06
3.1112e-06
3.1112e-06
3.1112e-06
3.1112e-06
3.1112e-06
3.1112e-06
3.1112e-06
3.1112e-06
3.1112e-06
3.1112e-06
3.1112e-06
3.1112e-06
3.1112e-06
3.1112e-06
3.11119e-06
1.47947e-06
1.47947e-06
1.47947e-06
1.47947e-06
1.47947e-06
1.47947e-06
1.47947e-06
1.47947e-06
1.47947e-06
1.47947e-06
1.47948e-06
1.47947e-06
1.47947e-06
1.47947e-06
1.47947e-06
1.47947e-06
1.47947e-06
1.47947e-06
1.47947e-06
1.47947e-06
-1.82083e-07
-1.82083e-07
-1.82083e-07
-1.82083e-07
-1.82082e-07
-1.82082e-07
-1.82082e-07
-1.82082e-07
-1.82082e-07
-1.8208e-07
-1.8208e-07
-1.8208e-07
-1.82081e-07
-1.82083e-07
-1.82085e-07
-1.82087e-07
-1.82088e-07
-1.8209e-07
-1.82091e-07
-1.82092e-07
-1.87386e-06
-1.87386e-06
-1.87386e-06
-1.87386e-06
-1.87386e-06
-1.87386e-06
-1.87386e-06
-1.87386e-06
-1.87386e-06
-1.87386e-06
-1.87386e-06
-1.87386e-06
-1.87386e-06
-1.87386e-06
-1.87386e-06
-1.87387e-06
-1.87387e-06
-1.87387e-06
-1.87387e-06
-1.87387e-06
-3.59627e-06
-3.59627e-06
-3.59627e-06
-3.59627e-06
-3.59627e-06
-3.59627e-06
-3.59626e-06
-3.59626e-06
-3.59626e-06
-3.59626e-06
-3.59626e-06
-3.59626e-06
-3.59626e-06
-3.59627e-06
-3.59627e-06
-3.59627e-06
-3.59627e-06
-3.59627e-06
-3.59627e-06
-3.59628e-06
-5.3497e-06
-5.3497e-06
-5.3497e-06
-5.3497e-06
-5.3497e-06
-5.3497e-06
-5.3497e-06
-5.3497e-06
-5.3497e-06
-5.34969e-06
-5.34969e-06
-5.3497e-06
-5.3497e-06
-5.3497e-06
-5.3497e-06
-5.3497e-06
-5.3497e-06
-5.34971e-06
-5.34971e-06
-5.34971e-06
-7.13457e-06
-7.13457e-06
-7.13457e-06
-7.13457e-06
-7.13457e-06
-7.13457e-06
-7.13457e-06
-7.13457e-06
-7.13457e-06
-7.13457e-06
-7.13457e-06
-7.13457e-06
-7.13457e-06
-7.13457e-06
-7.13457e-06
-7.13458e-06
-7.13458e-06
-7.13458e-06
-7.13458e-06
-7.13458e-06
-8.9513e-06
-8.9513e-06
-8.9513e-06
-8.9513e-06
-8.9513e-06
-8.9513e-06
-8.9513e-06
-8.9513e-06
-8.9513e-06
-8.9513e-06
-8.9513e-06
-8.9513e-06
-8.9513e-06
-8.9513e-06
-8.9513e-06
-8.9513e-06
-8.95131e-06
-8.95131e-06
-8.95131e-06
-8.95131e-06
-1.08003e-05
-1.08003e-05
-1.08003e-05
-1.08003e-05
-1.08003e-05
-1.08003e-05
-1.08003e-05
-1.08003e-05
-1.08003e-05
-1.08003e-05
-1.08003e-05
-1.08003e-05
-1.08003e-05
-1.08003e-05
-1.08003e-05
-1.08003e-05
-1.08003e-05
-1.08003e-05
-1.08003e-05
-1.08003e-05
-1.2682e-05
-1.2682e-05
-1.2682e-05
-1.2682e-05
-1.2682e-05
-1.2682e-05
-1.2682e-05
-1.2682e-05
-1.2682e-05
-1.2682e-05
-1.2682e-05
-1.2682e-05
-1.2682e-05
-1.2682e-05
-1.2682e-05
-1.2682e-05
-1.2682e-05
-1.2682e-05
-1.2682e-05
-1.2682e-05
-1.45968e-05
-1.45968e-05
-1.45968e-05
-1.45968e-05
-1.45968e-05
-1.45968e-05
-1.45968e-05
-1.45968e-05
-1.45968e-05
-1.45968e-05
-1.45968e-05
-1.45968e-05
-1.45968e-05
-1.45968e-05
-1.45968e-05
-1.45968e-05
-1.45968e-05
-1.45968e-05
-1.45968e-05
-1.45969e-05
-1.65452e-05
-1.65452e-05
-1.65452e-05
-1.65452e-05
-1.65452e-05
-1.65452e-05
-1.65452e-05
-1.65452e-05
-1.65452e-05
-1.65452e-05
-1.65452e-05
-1.65452e-05
-1.65452e-05
-1.65452e-05
-1.65452e-05
-1.65452e-05
-1.65452e-05
-1.65453e-05
-1.65453e-05
-1.65453e-05
-1.85277e-05
-1.85277e-05
-1.85277e-05
-1.85277e-05
-1.85277e-05
-1.85277e-05
-1.85277e-05
-1.85277e-05
-1.85277e-05
-1.85277e-05
-1.85277e-05
-1.85277e-05
-1.85277e-05
-1.85277e-05
-1.85277e-05
-1.85277e-05
-1.85277e-05
-1.85277e-05
-1.85277e-05
-1.85277e-05
-2.05445e-05
-2.05445e-05
-2.05445e-05
-2.05445e-05
-2.05445e-05
-2.05445e-05
-2.05445e-05
-2.05445e-05
-2.05445e-05
-2.05445e-05
-2.05445e-05
-2.05445e-05
-2.05445e-05
-2.05445e-05
-2.05445e-05
-2.05445e-05
-2.05445e-05
-2.05445e-05
-2.05445e-05
-2.05445e-05
-2.25963e-05
-2.25963e-05
-2.25963e-05
-2.25963e-05
-2.25963e-05
-2.25963e-05
-2.25963e-05
-2.25963e-05
-2.25963e-05
-2.25963e-05
-2.25963e-05
-2.25963e-05
-2.25963e-05
-2.25963e-05
-2.25963e-05
-2.25963e-05
-2.25963e-05
-2.25963e-05
-2.25963e-05
-2.25963e-05
-2.46834e-05
-2.46834e-05
-2.46834e-05
-2.46834e-05
-2.46834e-05
-2.46834e-05
-2.46834e-05
-2.46834e-05
-2.46834e-05
-2.46834e-05
-2.46834e-05
-2.46834e-05
-2.46834e-05
-2.46834e-05
-2.46834e-05
-2.46834e-05
-2.46834e-05
-2.46834e-05
-2.46834e-05
-2.46834e-05
-2.68064e-05
-2.68064e-05
-2.68064e-05
-2.68064e-05
-2.68064e-05
-2.68064e-05
-2.68064e-05
-2.68064e-05
-2.68064e-05
-2.68064e-05
-2.68064e-05
-2.68064e-05
-2.68064e-05
-2.68064e-05
-2.68064e-05
-2.68064e-05
-2.68064e-05
-2.68064e-05
-2.68064e-05
-2.68064e-05
-2.89656e-05
-2.89656e-05
-2.89656e-05
-2.89656e-05
-2.89656e-05
-2.89656e-05
-2.89656e-05
-2.89656e-05
-2.89656e-05
-2.89656e-05
-2.89656e-05
-2.89656e-05
-2.89656e-05
-2.89656e-05
-2.89656e-05
-2.89656e-05
-2.89656e-05
-2.89656e-05
-2.89656e-05
-2.89656e-05
-3.11616e-05
-3.11616e-05
-3.11616e-05
-3.11616e-05
-3.11616e-05
-3.11616e-05
-3.11616e-05
-3.11616e-05
-3.11616e-05
-3.11616e-05
-3.11616e-05
-3.11616e-05
-3.11616e-05
-3.11616e-05
-3.11616e-05
-3.11616e-05
-3.11616e-05
-3.11616e-05
-3.11616e-05
-3.11616e-05
-3.33949e-05
-3.33949e-05
-3.33949e-05
-3.33949e-05
-3.33949e-05
-3.33949e-05
-3.33949e-05
-3.33949e-05
-3.33949e-05
-3.33949e-05
-3.33949e-05
-3.33949e-05
-3.33949e-05
-3.33949e-05
-3.33949e-05
-3.33949e-05
-3.33949e-05
-3.33949e-05
-3.33949e-05
-3.33949e-05
-3.56659e-05
-3.56659e-05
-3.56659e-05
-3.56659e-05
-3.56659e-05
-3.56659e-05
-3.56659e-05
-3.56659e-05
-3.56659e-05
-3.56659e-05
-3.56659e-05
-3.56659e-05
-3.56659e-05
-3.56659e-05
-3.56659e-05
-3.56659e-05
-3.56659e-05
-3.56659e-05
-3.56659e-05
-3.56659e-05
-3.79751e-05
-3.79751e-05
-3.79751e-05
-3.79751e-05
-3.79751e-05
-3.79751e-05
-3.79751e-05
-3.79751e-05
-3.79751e-05
-3.79751e-05
-3.79751e-05
-3.79751e-05
-3.79751e-05
-3.79751e-05
-3.79751e-05
-3.79751e-05
-3.79751e-05
-3.79751e-05
-3.79751e-05
-3.79751e-05
-4.0323e-05
-4.0323e-05
-4.0323e-05
-4.0323e-05
-4.0323e-05
-4.0323e-05
-4.0323e-05
-4.0323e-05
-4.0323e-05
-4.0323e-05
-4.0323e-05
-4.0323e-05
-4.0323e-05
-4.0323e-05
-4.0323e-05
-4.0323e-05
-4.0323e-05
-4.0323e-05
-4.0323e-05
-4.0323e-05
-4.27101e-05
-4.27101e-05
-4.27101e-05
-4.27101e-05
-4.27101e-05
-4.27101e-05
-4.27101e-05
-4.27101e-05
-4.27101e-05
-4.27101e-05
-4.27101e-05
-4.27101e-05
-4.27101e-05
-4.27101e-05
-4.27101e-05
-4.27101e-05
-4.27101e-05
-4.27101e-05
-4.27101e-05
-4.27101e-05
-4.5137e-05
-4.5137e-05
-4.5137e-05
-4.5137e-05
-4.5137e-05
-4.5137e-05
-4.5137e-05
-4.5137e-05
-4.5137e-05
-4.5137e-05
-4.5137e-05
-4.5137e-05
-4.5137e-05
-4.5137e-05
-4.5137e-05
-4.5137e-05
-4.5137e-05
-4.5137e-05
-4.5137e-05
-4.5137e-05
-4.76041e-05
-4.76041e-05
-4.76041e-05
-4.76041e-05
-4.76041e-05
-4.76041e-05
-4.76041e-05
-4.76041e-05
-4.76041e-05
-4.76041e-05
-4.76041e-05
-4.76041e-05
-4.7604e-05
-4.7604e-05
-4.7604e-05
-4.76041e-05
-4.76041e-05
-4.76041e-05
-4.76041e-05
-4.76041e-05
-5.01119e-05
-5.01119e-05
-5.01119e-05
-5.01119e-05
-5.01119e-05
-5.01119e-05
-5.01119e-05
-5.01119e-05
-5.01119e-05
-5.01119e-05
-5.01119e-05
-5.01119e-05
-5.01119e-05
-5.01119e-05
-5.01119e-05
-5.01119e-05
-5.01119e-05
-5.01119e-05
-5.01119e-05
-5.01119e-05
-5.26611e-05
-5.26611e-05
-5.26611e-05
-5.26611e-05
-5.26611e-05
-5.26611e-05
-5.26611e-05
-5.26611e-05
-5.26611e-05
-5.26611e-05
-5.26611e-05
-5.26611e-05
-5.2661e-05
-5.26611e-05
-5.26611e-05
-5.26611e-05
-5.26611e-05
-5.26611e-05
-5.26611e-05
-5.26611e-05
-5.5252e-05
-5.5252e-05
-5.5252e-05
-5.5252e-05
-5.5252e-05
-5.5252e-05
-5.5252e-05
-5.5252e-05
-5.5252e-05
-5.5252e-05
-5.5252e-05
-5.5252e-05
-5.5252e-05
-5.5252e-05
-5.5252e-05
-5.5252e-05
-5.5252e-05
-5.5252e-05
-5.5252e-05
-5.5252e-05
-5.78853e-05
-5.78853e-05
-5.78853e-05
-5.78853e-05
-5.78853e-05
-5.78853e-05
-5.78853e-05
-5.78853e-05
-5.78853e-05
-5.78853e-05
-5.78853e-05
-5.78853e-05
-5.78853e-05
-5.78853e-05
-5.78853e-05
-5.78853e-05
-5.78853e-05
-5.78853e-05
-5.78853e-05
-5.78853e-05
-6.05616e-05
-6.05616e-05
-6.05616e-05
-6.05616e-05
-6.05616e-05
-6.05616e-05
-6.05616e-05
-6.05616e-05
-6.05616e-05
-6.05616e-05
-6.05616e-05
-6.05616e-05
-6.05616e-05
-6.05616e-05
-6.05616e-05
-6.05616e-05
-6.05616e-05
-6.05616e-05
-6.05616e-05
-6.05616e-05
-6.32812e-05
-6.32812e-05
-6.32812e-05
-6.32812e-05
-6.32812e-05
-6.32812e-05
-6.32812e-05
-6.32812e-05
-6.32812e-05
-6.32812e-05
-6.32812e-05
-6.32812e-05
-6.32812e-05
-6.32812e-05
-6.32812e-05
-6.32812e-05
-6.32812e-05
-6.32812e-05
-6.32812e-05
-6.32812e-05
-6.60449e-05
-6.60449e-05
-6.60449e-05
-6.60449e-05
-6.60449e-05
-6.60449e-05
-6.60449e-05
-6.60449e-05
-6.60449e-05
-6.60449e-05
-6.60449e-05
-6.60449e-05
-6.60449e-05
-6.60449e-05
-6.60449e-05
-6.60449e-05
-6.60449e-05
-6.60449e-05
-6.60449e-05
-6.60449e-05
-6.88532e-05
-6.88532e-05
-6.88532e-05
-6.88532e-05
-6.88532e-05
-6.88532e-05
-6.88532e-05
-6.88532e-05
-6.88532e-05
-6.88532e-05
-6.88532e-05
-6.88532e-05
-6.88532e-05
-6.88532e-05
-6.88532e-05
-6.88532e-05
-6.88532e-05
-6.88532e-05
-6.88532e-05
-6.88532e-05
-7.17066e-05
-7.17066e-05
-7.17066e-05
-7.17066e-05
-7.17066e-05
-7.17066e-05
-7.17066e-05
-7.17066e-05
-7.17066e-05
-7.17066e-05
-7.17066e-05
-7.17066e-05
-7.17066e-05
-7.17066e-05
-7.17066e-05
-7.17066e-05
-7.17066e-05
-7.17066e-05
-7.17066e-05
-7.17066e-05
-7.46058e-05
-7.46058e-05
-7.46058e-05
-7.46058e-05
-7.46058e-05
-7.46058e-05
-7.46058e-05
-7.46058e-05
-7.46058e-05
-7.46058e-05
-7.46058e-05
-7.46058e-05
-7.46058e-05
-7.46058e-05
-7.46058e-05
-7.46058e-05
-7.46058e-05
-7.46058e-05
-7.46058e-05
-7.46058e-05
-7.75513e-05
-7.75513e-05
-7.75513e-05
-7.75513e-05
-7.75513e-05
-7.75513e-05
-7.75513e-05
-7.75513e-05
-7.75513e-05
-7.75513e-05
-7.75513e-05
-7.75513e-05
-7.75513e-05
-7.75513e-05
-7.75513e-05
-7.75513e-05
-7.75513e-05
-7.75513e-05
-7.75513e-05
-7.75513e-05
-8.05437e-05
-8.05437e-05
-8.05437e-05
-8.05437e-05
-8.05437e-05
-8.05437e-05
-8.05437e-05
-8.05437e-05
-8.05437e-05
-8.05437e-05
-8.05437e-05
-8.05437e-05
-8.05437e-05
-8.05437e-05
-8.05437e-05
-8.05437e-05
-8.05437e-05
-8.05437e-05
-8.05437e-05
-8.05437e-05
-8.35835e-05
-8.35835e-05
-8.35835e-05
-8.35835e-05
-8.35835e-05
-8.35835e-05
-8.35835e-05
-8.35835e-05
-8.35835e-05
-8.35835e-05
-8.35835e-05
-8.35835e-05
-8.35835e-05
-8.35835e-05
-8.35835e-05
-8.35835e-05
-8.35835e-05
-8.35835e-05
-8.35835e-05
-8.35835e-05
-8.66715e-05
-8.66715e-05
-8.66715e-05
-8.66715e-05
-8.66715e-05
-8.66715e-05
-8.66715e-05
-8.66715e-05
-8.66715e-05
-8.66715e-05
-8.66715e-05
-8.66715e-05
-8.66715e-05
-8.66715e-05
-8.66715e-05
-8.66715e-05
-8.66715e-05
-8.66715e-05
-8.66715e-05
-8.66715e-05
-8.98083e-05
-8.98083e-05
-8.98083e-05
-8.98083e-05
-8.98083e-05
-8.98083e-05
-8.98083e-05
-8.98083e-05
-8.98083e-05
-8.98083e-05
-8.98083e-05
-8.98083e-05
-8.98083e-05
-8.98083e-05
-8.98083e-05
-8.98083e-05
-8.98083e-05
-8.98083e-05
-8.98083e-05
-8.98083e-05
-9.29943e-05
-9.29943e-05
-9.29943e-05
-9.29943e-05
-9.29943e-05
-9.29943e-05
-9.29943e-05
-9.29943e-05
-9.29943e-05
-9.29943e-05
-9.29943e-05
-9.29943e-05
-9.29943e-05
-9.29943e-05
-9.29943e-05
-9.29943e-05
-9.29943e-05
-9.29943e-05
-9.29943e-05
-9.29943e-05
-9.62304e-05
-9.62304e-05
-9.62304e-05
-9.62304e-05
-9.62304e-05
-9.62304e-05
-9.62304e-05
-9.62304e-05
-9.62304e-05
-9.62304e-05
-9.62304e-05
-9.62304e-05
-9.62304e-05
-9.62304e-05
-9.62304e-05
-9.62304e-05
-9.62304e-05
-9.62304e-05
-9.62304e-05
-9.62304e-05
-9.95171e-05
-9.95171e-05
-9.95171e-05
-9.95171e-05
-9.95171e-05
-9.95171e-05
-9.95171e-05
-9.95171e-05
-9.95171e-05
-9.95171e-05
-9.95171e-05
-9.95171e-05
-9.95171e-05
-9.95171e-05
-9.95171e-05
-9.95171e-05
-9.95171e-05
-9.95171e-05
-9.95171e-05
-9.95171e-05
-0.000102855
-0.000102855
-0.000102855
-0.000102855
-0.000102855
-0.000102855
-0.000102855
-0.000102855
-0.000102855
-0.000102855
-0.000102855
-0.000102855
-0.000102855
-0.000102855
-0.000102855
-0.000102855
-0.000102855
-0.000102855
-0.000102855
-0.000102855
-0.000106245
-0.000106245
-0.000106245
-0.000106245
-0.000106245
-0.000106245
-0.000106245
-0.000106245
-0.000106245
-0.000106245
-0.000106245
-0.000106245
-0.000106245
-0.000106245
-0.000106245
-0.000106245
-0.000106245
-0.000106245
-0.000106245
-0.000106245
-0.000109687
-0.000109687
-0.000109687
-0.000109687
-0.000109687
-0.000109687
-0.000109687
-0.000109687
-0.000109687
-0.000109687
-0.000109687
-0.000109687
-0.000109687
-0.000109687
-0.000109687
-0.000109687
-0.000109687
-0.000109687
-0.000109687
-0.000109687
-0.000113183
-0.000113183
-0.000113183
-0.000113183
-0.000113183
-0.000113183
-0.000113183
-0.000113183
-0.000113183
-0.000113183
-0.000113183
-0.000113183
-0.000113183
-0.000113183
-0.000113183
-0.000113183
-0.000113183
-0.000113183
-0.000113183
-0.000113183
-0.000116732
-0.000116732
-0.000116732
-0.000116732
-0.000116732
-0.000116732
-0.000116732
-0.000116732
-0.000116732
-0.000116732
-0.000116732
-0.000116732
-0.000116732
-0.000116732
-0.000116732
-0.000116732
-0.000116732
-0.000116732
-0.000116732
-0.000116732
-0.000120336
-0.000120336
-0.000120336
-0.000120336
-0.000120336
-0.000120336
-0.000120336
-0.000120336
-0.000120336
-0.000120336
-0.000120336
-0.000120336
-0.000120336
-0.000120336
-0.000120336
-0.000120336
-0.000120336
-0.000120336
-0.000120336
-0.000120336
-0.000123996
-0.000123996
-0.000123996
-0.000123996
-0.000123996
-0.000123996
-0.000123996
-0.000123996
-0.000123996
-0.000123996
-0.000123996
-0.000123996
-0.000123996
-0.000123996
-0.000123996
-0.000123996
-0.000123996
-0.000123996
-0.000123996
-0.000123996
-0.000127711
-0.000127711
-0.000127711
-0.000127711
-0.000127711
-0.000127711
-0.000127711
-0.000127711
-0.000127711
-0.000127711
-0.000127711
-0.000127711
-0.000127711
-0.000127711
-0.000127711
-0.000127711
-0.000127711
-0.000127711
-0.000127711
-0.000127711
-0.000131483
-0.000131483
-0.000131483
-0.000131483
-0.000131483
-0.000131483
-0.000131483
-0.000131483
-0.000131483
-0.000131483
-0.000131483
-0.000131483
-0.000131483
-0.000131483
-0.000131483
-0.000131483
-0.000131483
-0.000131483
-0.000131483
-0.000131483
-0.000135313
-0.000135313
-0.000135313
-0.000135313
-0.000135313
-0.000135313
-0.000135313
-0.000135313
-0.000135313
-0.000135313
-0.000135313
-0.000135313
-0.000135313
-0.000135313
-0.000135313
-0.000135313
-0.000135313
-0.000135313
-0.000135313
-0.000135313
-0.0001392
-0.0001392
-0.0001392
-0.0001392
-0.0001392
-0.0001392
-0.0001392
-0.0001392
-0.0001392
-0.0001392
-0.0001392
-0.0001392
-0.0001392
-0.0001392
-0.0001392
-0.0001392
-0.0001392
-0.0001392
-0.0001392
-0.0001392
-0.000143147
-0.000143147
-0.000143147
-0.000143147
-0.000143147
-0.000143147
-0.000143147
-0.000143147
-0.000143147
-0.000143147
-0.000143147
-0.000143147
-0.000143147
-0.000143147
-0.000143147
-0.000143147
-0.000143147
-0.000143147
-0.000143147
-0.000143147
-0.000147153
-0.000147153
-0.000147153
-0.000147153
-0.000147153
-0.000147153
-0.000147153
-0.000147153
-0.000147153
-0.000147153
-0.000147153
-0.000147153
-0.000147153
-0.000147153
-0.000147153
-0.000147153
-0.000147153
-0.000147153
-0.000147153
-0.000147153
-0.000151219
-0.000151219
-0.000151219
-0.000151219
-0.000151219
-0.000151219
-0.000151219
-0.000151219
-0.000151219
-0.000151219
-0.000151219
-0.000151219
-0.000151219
-0.000151219
-0.000151219
-0.000151219
-0.000151219
-0.000151219
-0.000151219
-0.000151219
-0.000155347
-0.000155347
-0.000155347
-0.000155347
-0.000155347
-0.000155347
-0.000155347
-0.000155347
-0.000155347
-0.000155347
-0.000155347
-0.000155347
-0.000155347
-0.000155347
-0.000155347
-0.000155347
-0.000155347
-0.000155347
-0.000155347
-0.000155347
-0.000159536
-0.000159536
-0.000159536
-0.000159536
-0.000159536
-0.000159536
-0.000159536
-0.000159536
-0.000159536
-0.000159536
-0.000159536
-0.000159536
-0.000159536
-0.000159536
-0.000159536
-0.000159536
-0.000159536
-0.000159536
-0.000159536
-0.000159536
-0.000163788
-0.000163788
-0.000163788
-0.000163788
-0.000163788
-0.000163788
-0.000163788
-0.000163788
-0.000163788
-0.000163788
-0.000163788
-0.000163788
-0.000163788
-0.000163788
-0.000163788
-0.000163788
-0.000163788
-0.000163788
-0.000163788
-0.000163788
-0.000168103
-0.000168103
-0.000168103
-0.000168103
-0.000168103
-0.000168103
-0.000168103
-0.000168103
-0.000168103
-0.000168103
-0.000168103
-0.000168103
-0.000168103
-0.000168103
-0.000168103
-0.000168103
-0.000168103
-0.000168103
-0.000168103
-0.000168103
-0.000172483
-0.000172483
-0.000172483
-0.000172483
-0.000172483
-0.000172483
-0.000172483
-0.000172483
-0.000172483
-0.000172483
-0.000172483
-0.000172483
-0.000172483
-0.000172483
-0.000172483
-0.000172483
-0.000172483
-0.000172483
-0.000172483
-0.000172483
-0.000176927
-0.000176927
-0.000176927
-0.000176927
-0.000176927
-0.000176927
-0.000176927
-0.000176927
-0.000176927
-0.000176927
-0.000176927
-0.000176927
-0.000176927
-0.000176927
-0.000176927
-0.000176927
-0.000176927
-0.000176927
-0.000176927
-0.000176927
-0.000181438
-0.000181438
-0.000181438
-0.000181438
-0.000181438
-0.000181438
-0.000181438
-0.000181438
-0.000181438
-0.000181438
-0.000181438
-0.000181438
-0.000181438
-0.000181438
-0.000181438
-0.000181438
-0.000181438
-0.000181438
-0.000181438
-0.000181438
-0.000186015
-0.000186015
-0.000186015
-0.000186015
-0.000186015
-0.000186015
-0.000186015
-0.000186015
-0.000186015
-0.000186015
-0.000186015
-0.000186015
-0.000186015
-0.000186015
-0.000186015
-0.000186015
-0.000186015
-0.000186015
-0.000186015
-0.000186015
-0.000190659
-0.000190659
-0.000190659
-0.000190659
-0.000190659
-0.000190659
-0.000190659
-0.000190659
-0.000190659
-0.000190659
-0.000190659
-0.000190659
-0.000190659
-0.000190659
-0.000190659
-0.000190659
-0.000190659
-0.000190659
-0.000190659
-0.000190659
-0.000195372
-0.000195372
-0.000195372
-0.000195372
-0.000195372
-0.000195372
-0.000195372
-0.000195372
-0.000195372
-0.000195372
-0.000195372
-0.000195372
-0.000195372
-0.000195372
-0.000195372
-0.000195372
-0.000195372
-0.000195372
-0.000195372
-0.000195372
-0.000200155
-0.000200155
-0.000200155
-0.000200155
-0.000200155
-0.000200155
-0.000200155
-0.000200155
-0.000200155
-0.000200155
-0.000200155
-0.000200155
-0.000200155
-0.000200155
-0.000200155
-0.000200155
-0.000200155
-0.000200155
-0.000200155
-0.000200155
-0.000205007
-0.000205007
-0.000205007
-0.000205007
-0.000205007
-0.000205007
-0.000205007
-0.000205007
-0.000205007
-0.000205007
-0.000205007
-0.000205007
-0.000205007
-0.000205007
-0.000205007
-0.000205007
-0.000205007
-0.000205007
-0.000205007
-0.000205007
-0.00020993
-0.00020993
-0.00020993
-0.00020993
-0.00020993
-0.00020993
-0.00020993
-0.00020993
-0.00020993
-0.00020993
-0.00020993
-0.00020993
-0.00020993
-0.00020993
-0.00020993
-0.00020993
-0.00020993
-0.00020993
-0.00020993
-0.00020993
-0.000214925
-0.000214925
-0.000214925
-0.000214925
-0.000214925
-0.000214925
-0.000214925
-0.000214925
-0.000214925
-0.000214925
-0.000214925
-0.000214925
-0.000214925
-0.000214925
-0.000214925
-0.000214925
-0.000214925
-0.000214925
-0.000214925
-0.000214925
-0.000219992
-0.000219992
-0.000219992
-0.000219992
-0.000219992
-0.000219992
-0.000219992
-0.000219992
-0.000219992
-0.000219992
-0.000219992
-0.000219992
-0.000219992
-0.000219992
-0.000219992
-0.000219992
-0.000219992
-0.000219992
-0.000219992
-0.000219992
-0.000225133
-0.000225133
-0.000225133
-0.000225133
-0.000225133
-0.000225133
-0.000225133
-0.000225133
-0.000225133
-0.000225133
-0.000225133
-0.000225133
-0.000225133
-0.000225133
-0.000225133
-0.000225133
-0.000225133
-0.000225133
-0.000225133
-0.000225133
-0.000230349
-0.000230349
-0.000230349
-0.000230349
-0.000230349
-0.000230349
-0.000230349
-0.000230349
-0.000230349
-0.000230349
-0.000230349
-0.000230349
-0.000230349
-0.000230349
-0.000230349
-0.000230349
-0.000230349
-0.000230349
-0.000230349
-0.000230349
-0.00023564
-0.00023564
-0.00023564
-0.00023564
-0.00023564
-0.00023564
-0.00023564
-0.00023564
-0.00023564
-0.00023564
-0.00023564
-0.00023564
-0.00023564
-0.00023564
-0.00023564
-0.00023564
-0.00023564
-0.00023564
-0.00023564
-0.00023564
-0.000241007
-0.000241007
-0.000241007
-0.000241007
-0.000241007
-0.000241007
-0.000241007
-0.000241007
-0.000241007
-0.000241007
-0.000241007
-0.000241007
-0.000241007
-0.000241007
-0.000241007
-0.000241007
-0.000241007
-0.000241007
-0.000241007
-0.000241007
-0.000246452
-0.000246452
-0.000246452
-0.000246452
-0.000246452
-0.000246452
-0.000246452
-0.000246452
-0.000246452
-0.000246452
-0.000246452
-0.000246452
-0.000246452
-0.000246452
-0.000246452
-0.000246452
-0.000246452
-0.000246452
-0.000246452
-0.000246452
-0.000251975
-0.000251975
-0.000251975
-0.000251975
-0.000251975
-0.000251975
-0.000251975
-0.000251975
-0.000251975
-0.000251975
-0.000251975
-0.000251975
-0.000251975
-0.000251975
-0.000251975
-0.000251975
-0.000251975
-0.000251975
-0.000251975
-0.000251975
-0.000257577
-0.000257577
-0.000257577
-0.000257577
-0.000257577
-0.000257577
-0.000257577
-0.000257577
-0.000257577
-0.000257577
-0.000257577
-0.000257577
-0.000257577
-0.000257577
-0.000257577
-0.000257577
-0.000257577
-0.000257577
-0.000257577
-0.000257577
-0.00026326
-0.00026326
-0.00026326
-0.00026326
-0.00026326
-0.00026326
-0.00026326
-0.00026326
-0.00026326
-0.00026326
-0.00026326
-0.00026326
-0.00026326
-0.00026326
-0.00026326
-0.00026326
-0.00026326
-0.00026326
-0.00026326
-0.00026326
-0.000269023
-0.000269023
-0.000269023
-0.000269023
-0.000269023
-0.000269023
-0.000269023
-0.000269023
-0.000269023
-0.000269023
-0.000269023
-0.000269023
-0.000269023
-0.000269023
-0.000269023
-0.000269023
-0.000269023
-0.000269023
-0.000269023
-0.000269023
-0.000274869
-0.000274869
-0.000274869
-0.000274869
-0.000274869
-0.000274869
-0.000274869
-0.000274869
-0.000274869
-0.000274869
-0.000274869
-0.000274869
-0.000274869
-0.000274869
-0.000274869
-0.000274869
-0.000274869
-0.000274869
-0.000274869
-0.000274869
-0.000280798
-0.000280798
-0.000280798
-0.000280798
-0.000280798
-0.000280798
-0.000280798
-0.000280798
-0.000280798
-0.000280798
-0.000280798
-0.000280798
-0.000280798
-0.000280798
-0.000280798
-0.000280798
-0.000280798
-0.000280798
-0.000280798
-0.000280798
-0.000286811
-0.000286811
-0.000286811
-0.000286811
-0.000286811
-0.000286811
-0.000286811
-0.000286811
-0.000286811
-0.000286811
-0.000286811
-0.000286811
-0.000286811
-0.000286811
-0.000286811
-0.000286811
-0.000286811
-0.000286811
-0.000286811
-0.000286811
-0.00029291
-0.00029291
-0.00029291
-0.00029291
-0.00029291
-0.00029291
-0.00029291
-0.00029291
-0.00029291
-0.00029291
-0.00029291
-0.00029291
-0.00029291
-0.00029291
-0.00029291
-0.00029291
-0.00029291
-0.00029291
-0.00029291
-0.00029291
-0.000299095
-0.000299095
-0.000299095
-0.000299095
-0.000299095
-0.000299095
-0.000299095
-0.000299095
-0.000299095
-0.000299095
-0.000299095
-0.000299095
-0.000299095
-0.000299095
-0.000299095
-0.000299095
-0.000299095
-0.000299095
-0.000299095
-0.000299095
-0.000305367
-0.000305367
-0.000305367
-0.000305367
-0.000305367
-0.000305367
-0.000305367
-0.000305367
-0.000305367
-0.000305367
-0.000305367
-0.000305367
-0.000305367
-0.000305367
-0.000305367
-0.000305367
-0.000305367
-0.000305367
-0.000305367
-0.000305367
-0.000311728
-0.000311728
-0.000311728
-0.000311728
-0.000311728
-0.000311728
-0.000311728
-0.000311728
-0.000311728
-0.000311728
-0.000311728
-0.000311728
-0.000311728
-0.000311728
-0.000311728
-0.000311728
-0.000311728
-0.000311728
-0.000311728
-0.000311728
-0.000318178
-0.000318178
-0.000318178
-0.000318178
-0.000318178
-0.000318178
-0.000318178
-0.000318178
-0.000318178
-0.000318178
-0.000318178
-0.000318178
-0.000318178
-0.000318178
-0.000318178
-0.000318178
-0.000318178
-0.000318178
-0.000318178
-0.000318178
-0.000324719
-0.000324719
-0.000324719
-0.000324719
-0.000324719
-0.000324719
-0.000324719
-0.000324719
-0.000324719
-0.000324719
-0.000324719
-0.000324719
-0.000324719
-0.000324719
-0.000324719
-0.000324719
-0.000324719
-0.000324719
-0.000324719
-0.000324719
-0.000331352
-0.000331352
-0.000331352
-0.000331352
-0.000331352
-0.000331352
-0.000331352
-0.000331352
-0.000331352
-0.000331352
-0.000331352
-0.000331352
-0.000331352
-0.000331352
-0.000331352
-0.000331352
-0.000331352
-0.000331352
-0.000331352
-0.000331352
-0.000338077
-0.000338077
-0.000338077
-0.000338077
-0.000338077
-0.000338077
-0.000338077
-0.000338077
-0.000338077
-0.000338077
-0.000338077
-0.000338077
-0.000338077
-0.000338077
-0.000338077
-0.000338077
-0.000338077
-0.000338077
-0.000338077
-0.000338077
-0.000344897
-0.000344897
-0.000344897
-0.000344897
-0.000344897
-0.000344897
-0.000344897
-0.000344897
-0.000344897
-0.000344897
-0.000344897
-0.000344897
-0.000344897
-0.000344897
-0.000344897
-0.000344897
-0.000344897
-0.000344897
-0.000344897
-0.000344897
-0.000351812
-0.000351812
-0.000351812
-0.000351812
-0.000351812
-0.000351812
-0.000351812
-0.000351812
-0.000351812
-0.000351812
-0.000351812
-0.000351812
-0.000351812
-0.000351812
-0.000351812
-0.000351812
-0.000351812
-0.000351812
-0.000351812
-0.000351812
-0.000358823
-0.000358823
-0.000358823
-0.000358823
-0.000358823
-0.000358823
-0.000358823
-0.000358823
-0.000358823
-0.000358823
-0.000358823
-0.000358823
-0.000358823
-0.000358823
-0.000358823
-0.000358823
-0.000358823
-0.000358823
-0.000358823
-0.000358823
-0.000365931
-0.000365931
-0.000365931
-0.000365931
-0.000365931
-0.000365931
-0.000365931
-0.000365931
-0.000365931
-0.000365931
-0.000365931
-0.000365931
-0.000365931
-0.000365931
-0.000365931
-0.000365931
-0.000365931
-0.000365931
-0.000365931
-0.000365931
)
;

boundaryField
{
    outlet
    {
        type            fixedFluxPressure;
        gradient        nonuniform List<scalar> 
20
(
-0.00109092
-0.00109092
-0.00109092
-0.00109092
-0.00109092
-0.00109092
-0.00109092
-0.00109092
-0.00109092
-0.00109092
-0.00109092
-0.00109092
-0.00109092
-0.00109092
-0.00109092
-0.00109092
-0.00109092
-0.00109092
-0.00109092
-0.00109092
)
;
        value           nonuniform List<scalar> 
20
(
-0.000369525
-0.000369525
-0.000369525
-0.000369525
-0.000369525
-0.000369525
-0.000369525
-0.000369525
-0.000369525
-0.000369525
-0.000369525
-0.000369525
-0.000369525
-0.000369525
-0.000369525
-0.000369525
-0.000369525
-0.000369525
-0.000369525
-0.000369525
)
;
    }
    inlet
    {
        type            fixedFluxPressure;
        gradient        uniform -0;
        value           nonuniform List<scalar> 
20
(
6.6852e-05
6.6852e-05
6.6852e-05
6.6852e-05
6.6852e-05
6.6852e-05
6.6852e-05
6.6852e-05
6.6852e-05
6.6852e-05
6.6852e-05
6.6852e-05
6.6852e-05
6.6852e-05
6.6852e-05
6.6852e-05
6.6852e-05
6.6852e-05
6.6852e-05
6.6852e-05
)
;
    }
    wall
    {
        type            fixedFluxPressure;
        gradient        uniform 0;
        value           nonuniform List<scalar> 
200
(
6.6852e-05
6.68454e-05
6.68321e-05
6.6812e-05
6.67849e-05
6.67508e-05
6.67096e-05
6.66611e-05
6.66051e-05
6.65417e-05
6.64706e-05
6.63918e-05
6.63051e-05
6.62104e-05
6.61075e-05
6.59964e-05
6.58769e-05
6.57488e-05
6.56121e-05
6.54666e-05
6.53121e-05
6.51486e-05
6.49758e-05
6.47937e-05
6.4602e-05
6.44007e-05
6.41896e-05
6.39686e-05
6.37374e-05
6.34959e-05
6.32441e-05
6.29816e-05
6.27085e-05
6.24244e-05
6.21292e-05
6.18228e-05
6.15051e-05
6.11757e-05
6.08346e-05
6.04816e-05
6.01164e-05
5.9739e-05
5.93492e-05
5.89466e-05
5.85313e-05
5.81029e-05
5.76613e-05
5.72064e-05
5.67378e-05
5.62554e-05
5.5759e-05
5.52484e-05
5.47234e-05
5.41838e-05
5.36294e-05
5.30599e-05
5.24752e-05
5.1875e-05
5.12591e-05
5.06272e-05
4.99792e-05
4.93149e-05
4.86339e-05
4.79361e-05
4.72212e-05
4.64889e-05
4.57391e-05
4.49715e-05
4.41858e-05
4.33818e-05
4.25592e-05
4.17178e-05
4.08572e-05
3.99773e-05
3.90778e-05
3.81583e-05
3.72187e-05
3.62585e-05
3.52777e-05
3.42758e-05
3.32526e-05
3.22077e-05
3.1141e-05
3.0052e-05
2.89406e-05
2.78062e-05
2.66488e-05
2.54679e-05
2.42632e-05
2.30345e-05
2.17813e-05
2.05033e-05
1.92003e-05
1.78718e-05
1.65176e-05
1.51372e-05
1.37304e-05
1.22968e-05
1.0836e-05
9.3476e-06
7.83131e-06
6.28673e-06
4.71349e-06
3.11119e-06
1.47947e-06
-1.82092e-07
-1.87387e-06
-3.59628e-06
-5.34971e-06
-7.13458e-06
-8.95131e-06
-1.08003e-05
-1.2682e-05
-1.45969e-05
-1.65453e-05
-1.85277e-05
-2.05445e-05
-2.25963e-05
-2.46834e-05
-2.68064e-05
-2.89656e-05
-3.11616e-05
-3.33949e-05
-3.56659e-05
-3.79751e-05
-4.0323e-05
-4.27101e-05
-4.5137e-05
-4.76041e-05
-5.01119e-05
-5.26611e-05
-5.5252e-05
-5.78853e-05
-6.05616e-05
-6.32812e-05
-6.60449e-05
-6.88532e-05
-7.17066e-05
-7.46058e-05
-7.75513e-05
-8.05437e-05
-8.35835e-05
-8.66715e-05
-8.98083e-05
-9.29943e-05
-9.62304e-05
-9.95171e-05
-0.000102855
-0.000106245
-0.000109687
-0.000113183
-0.000116732
-0.000120336
-0.000123996
-0.000127711
-0.000131483
-0.000135313
-0.0001392
-0.000143147
-0.000147153
-0.000151219
-0.000155347
-0.000159536
-0.000163788
-0.000168103
-0.000172483
-0.000176927
-0.000181438
-0.000186015
-0.000190659
-0.000195372
-0.000200155
-0.000205007
-0.00020993
-0.000214925
-0.000219992
-0.000225133
-0.000230349
-0.00023564
-0.000241007
-0.000246452
-0.000251975
-0.000257577
-0.00026326
-0.000269023
-0.000274869
-0.000280798
-0.000286811
-0.00029291
-0.000299095
-0.000305367
-0.000311728
-0.000318178
-0.000324719
-0.000331352
-0.000338077
-0.000344897
-0.000351812
-0.000358823
-0.000365931
)
;
    }
    interface
    {
        type            fixedFluxPressure;
        gradient        uniform 0;
        value           nonuniform List<scalar> 
200
(
6.6852e-05
6.68454e-05
6.68321e-05
6.6812e-05
6.67849e-05
6.67508e-05
6.67096e-05
6.66611e-05
6.66052e-05
6.65417e-05
6.64707e-05
6.63918e-05
6.63051e-05
6.62104e-05
6.61075e-05
6.59964e-05
6.58769e-05
6.57488e-05
6.56121e-05
6.54666e-05
6.53121e-05
6.51486e-05
6.49758e-05
6.47937e-05
6.4602e-05
6.44007e-05
6.41896e-05
6.39686e-05
6.37374e-05
6.3496e-05
6.32441e-05
6.29817e-05
6.27085e-05
6.24244e-05
6.21292e-05
6.18229e-05
6.15051e-05
6.11757e-05
6.08346e-05
6.04816e-05
6.01164e-05
5.9739e-05
5.93492e-05
5.89466e-05
5.85313e-05
5.81029e-05
5.76614e-05
5.72064e-05
5.67378e-05
5.62554e-05
5.5759e-05
5.52484e-05
5.47235e-05
5.41838e-05
5.36294e-05
5.30599e-05
5.24752e-05
5.1875e-05
5.12591e-05
5.06272e-05
4.99793e-05
4.93149e-05
4.86339e-05
4.79361e-05
4.72212e-05
4.6489e-05
4.57391e-05
4.49715e-05
4.41858e-05
4.33818e-05
4.25592e-05
4.17178e-05
4.08572e-05
3.99773e-05
3.90778e-05
3.81583e-05
3.72187e-05
3.62586e-05
3.52777e-05
3.42758e-05
3.32526e-05
3.22078e-05
3.1141e-05
3.0052e-05
2.89406e-05
2.78062e-05
2.66488e-05
2.54679e-05
2.42632e-05
2.30345e-05
2.17813e-05
2.05033e-05
1.92003e-05
1.78718e-05
1.65176e-05
1.51373e-05
1.37304e-05
1.22968e-05
1.0836e-05
9.3476e-06
7.83132e-06
6.28674e-06
4.71349e-06
3.1112e-06
1.47947e-06
-1.82083e-07
-1.87386e-06
-3.59627e-06
-5.3497e-06
-7.13457e-06
-8.9513e-06
-1.08003e-05
-1.2682e-05
-1.45968e-05
-1.65452e-05
-1.85277e-05
-2.05445e-05
-2.25963e-05
-2.46834e-05
-2.68064e-05
-2.89656e-05
-3.11616e-05
-3.33949e-05
-3.56659e-05
-3.79751e-05
-4.0323e-05
-4.27101e-05
-4.5137e-05
-4.76041e-05
-5.01119e-05
-5.26611e-05
-5.5252e-05
-5.78853e-05
-6.05616e-05
-6.32812e-05
-6.60449e-05
-6.88532e-05
-7.17066e-05
-7.46058e-05
-7.75513e-05
-8.05437e-05
-8.35835e-05
-8.66715e-05
-8.98083e-05
-9.29943e-05
-9.62304e-05
-9.95171e-05
-0.000102855
-0.000106245
-0.000109687
-0.000113183
-0.000116732
-0.000120336
-0.000123996
-0.000127711
-0.000131483
-0.000135313
-0.0001392
-0.000143147
-0.000147153
-0.000151219
-0.000155347
-0.000159536
-0.000163788
-0.000168103
-0.000172483
-0.000176927
-0.000181438
-0.000186015
-0.000190659
-0.000195372
-0.000200155
-0.000205007
-0.00020993
-0.000214925
-0.000219992
-0.000225133
-0.000230349
-0.00023564
-0.000241007
-0.000246452
-0.000251975
-0.000257577
-0.00026326
-0.000269023
-0.000274869
-0.000280798
-0.000286811
-0.00029291
-0.000299095
-0.000305367
-0.000311728
-0.000318178
-0.000324719
-0.000331352
-0.000338077
-0.000344897
-0.000351812
-0.000358823
-0.000365931
)
;
    }
    frontAndback
    {
        type            empty;
    }
}


// ************************************************************************* //
